0.010000	-4.373957	-4.706412	-10.344330	0.000000	0.000000	0.000000	0.033801	-0.036355	-0.072921	
0.020000	-4.374952	-4.708560	-10.314898	0.000000	0.000000	0.000000	0.033801	-0.036355	-0.072710	
0.030000	-4.374988	-4.679051	-10.313828	0.000000	0.000000	0.000000	0.033801	-0.036144	-0.072710	
0.040000	-4.375984	-4.681193	-10.284394	0.000000	0.000000	0.000000	0.033801	-0.036144	-0.072499	
0.050000	-4.376019	-4.651685	-10.283331	0.000000	0.000000	0.000000	0.033801	-0.035932	-0.072499	
0.060000	-4.400412	-4.653821	-10.254691	0.000000	0.000000	0.000000	0.033981	-0.035932	-0.072287	
0.070000	-4.400412	-4.653821	-10.254691	0.000000	0.000000	0.000000	0.033981	-0.035932	-0.072287	
0.080000	-4.400448	-4.624311	-10.253633	0.000000	0.000000	0.000000	0.033981	-0.035721	-0.072287	
0.090000	-4.400448	-4.624311	-10.253633	0.000000	0.000000	0.000000	0.033981	-0.035721	-0.072287	
0.100000	-4.400448	-4.624311	-10.253633	0.000000	0.000000	0.000000	0.033981	-0.035721	-0.072287	
0.110000	-4.400412	-4.653821	-10.254691	0.000000	0.000000	0.000000	0.033981	-0.035932	-0.072287	
0.120000	-4.399412	-4.651685	-10.284124	0.000000	0.000000	0.000000	0.033981	-0.035932	-0.072499	
0.130000	-4.399375	-4.681193	-10.285188	0.000000	0.000000	0.000000	0.033981	-0.036144	-0.072499	
0.140000	-4.398375	-4.679051	-10.314621	0.000000	0.000000	0.000000	0.033981	-0.036144	-0.072710	
0.150000	-4.421762	-4.679051	-10.315418	0.000000	0.000000	0.000000	0.034162	-0.036144	-0.072710	
0.160000	-4.421725	-4.708560	-10.316487	0.000000	0.000000	0.000000	0.034162	-0.036355	-0.072710	
0.170000	-4.467481	-4.706412	-10.347527	0.000000	0.000000	0.000000	0.034524	-0.036355	-0.072921	
0.180000	-4.490861	-4.706412	-10.348336	0.000000	0.000000	0.000000	0.034704	-0.036355	-0.072921	
0.190000	-4.537622	-4.706412	-10.349968	0.000000	0.000000	0.000000	0.035066	-0.036355	-0.072921	
0.200000	-4.561002	-4.706412	-10.350790	0.000000	0.000000	0.000000	0.035247	-0.036355	-0.072921	
0.210000	-4.584382	-4.706412	-10.351617	0.000000	0.000000	0.000000	0.035427	-0.036355	-0.072921	
0.220000	-4.631142	-4.706412	-10.353283	0.000000	0.000000	0.000000	0.035789	-0.036355	-0.072921	
0.230000	-4.654521	-4.706412	-10.354122	0.000000	0.000000	0.000000	0.035970	-0.036355	-0.072921	
0.240000	-4.701241	-4.735920	-10.356889	0.000000	0.000000	0.000000	0.036331	-0.036566	-0.072921	
0.250000	-4.747998	-4.735920	-10.358597	0.000000	0.000000	0.000000	0.036693	-0.036566	-0.072921	
0.260000	-4.771377	-4.735920	-10.359457	0.000000	0.000000	0.000000	0.036873	-0.036566	-0.072921	
0.270000	-4.818174	-4.706412	-10.360114	0.000000	0.000000	0.000000	0.037235	-0.036355	-0.072921	
0.280000	-4.841552	-4.706412	-10.360988	0.000000	0.000000	0.000000	0.037416	-0.036355	-0.072921	
0.290000	-4.864930	-4.706412	-10.361865	0.000000	0.000000	0.000000	0.037596	-0.036355	-0.072921	
0.300000	-4.864970	-4.676903	-10.360795	0.000000	0.000000	0.000000	0.037596	-0.036144	-0.072921	
0.310000	-4.888349	-4.676903	-10.361677	0.000000	0.000000	0.000000	0.037777	-0.036144	-0.072921	
0.320000	-4.888349	-4.676903	-10.361677	0.000000	0.000000	0.000000	0.037777	-0.036144	-0.072921	
0.330000	-4.911726	-4.676903	-10.362562	0.000000	0.000000	0.000000	0.037958	-0.036144	-0.072921	
0.340000	-4.935104	-4.676903	-10.363452	0.000000	0.000000	0.000000	0.038139	-0.036144	-0.072921	
0.350000	-4.958482	-4.676903	-10.364347	0.000000	0.000000	0.000000	0.038319	-0.036144	-0.072921	
0.360000	-4.981860	-4.676903	-10.365245	0.000000	0.000000	0.000000	0.038500	-0.036144	-0.072921	
0.370000	-4.981860	-4.676903	-10.365245	0.000000	0.000000	0.000000	0.038500	-0.036144	-0.072921	
0.380000	-5.005237	-4.676903	-10.366147	0.000000	0.000000	0.000000	0.038681	-0.036144	-0.072921	
0.390000	-5.005237	-4.676903	-10.366147	0.000000	0.000000	0.000000	0.038681	-0.036144	-0.072921	
0.400000	-5.005237	-4.676903	-10.366147	0.000000	0.000000	0.000000	0.038681	-0.036144	-0.072921	
0.410000	-5.005237	-4.676903	-10.366147	0.000000	0.000000	0.000000	0.038681	-0.036144	-0.072921	
0.420000	-5.005278	-4.647395	-10.365085	0.000000	0.000000	0.000000	0.038681	-0.035932	-0.072921	
0.430000	-5.006417	-4.649543	-10.335657	0.000000	0.000000	0.000000	0.038681	-0.035932	-0.072710	
0.440000	-5.006417	-4.649543	-10.335657	0.000000	0.000000	0.000000	0.038681	-0.035932	-0.072710	
0.450000	-4.983034	-4.649543	-10.334754	0.000000	0.000000	0.000000	0.038500	-0.035932	-0.072710	
0.460000	-4.983075	-4.620034	-10.333697	0.000000	0.000000	0.000000	0.038500	-0.035721	-0.072710	
0.470000	-4.983075	-4.620034	-10.333697	0.000000	0.000000	0.000000	0.038500	-0.035721	-0.072710	
0.480000	-4.984209	-4.622176	-10.304269	0.000000	0.000000	0.000000	0.038500	-0.035721	-0.072499	
0.490000	-4.984249	-4.592667	-10.303218	0.000000	0.000000	0.000000	0.038500	-0.035510	-0.072499	
0.500000	-4.984249	-4.592667	-10.303218	0.000000	0.000000	0.000000	0.038500	-0.035510	-0.072499	
0.510000	-4.985423	-4.565293	-10.272745	0.000000	0.000000	0.000000	0.038500	-0.035298	-0.072287	
0.520000	-4.985463	-4.535783	-10.271707	0.000000	0.000000	0.000000	0.038500	-0.035087	-0.072287	
0.530000	-4.985502	-4.506274	-10.270675	0.000000	0.000000	0.000000	0.038500	-0.034875	-0.072287	
0.540000	-4.985542	-4.476764	-10.269650	0.000000	0.000000	0.000000	0.038500	-0.034664	-0.072287	
0.550000	-4.986715	-4.449383	-10.239201	0.000000	0.000000	0.000000	0.038500	-0.034453	-0.072076	
0.560000	-4.986754	-4.419872	-10.238188	0.000000	0.000000	0.000000	0.038500	-0.034241	-0.072076	
0.570000	-4.986793	-4.390362	-10.237181	0.000000	0.000000	0.000000	0.038500	-0.034030	-0.072076	
0.580000	-4.987965	-4.362974	-10.206750	0.000000	0.000000	0.000000	0.038500	-0.033819	-0.071865	
0.590000	-5.011409	-4.333463	-10.206659	0.000000	0.000000	0.000000	0.038681	-0.033607	-0.071865	
0.600000	-5.034854	-4.303952	-10.206578	0.000000	0.000000	0.000000	0.038862	-0.033396	-0.071865	
0.610000	-5.034892	-4.274440	-10.205597	0.000000	0.000000	0.000000	0.038862	-0.033185	-0.071865	
0.620000	-4.993213	-4.059886	-9.458440	0.000000	0.000000	2.000000	0.038319	-0.031282	-0.066580	
0.630000	-5.411711	-4.068348	-7.879512	0.000000	0.000000	2.000000	0.041031	-0.030648	-0.055167	
0.640000	-6.224449	-4.176693	-6.321996	0.000000	0.000000	2.000000	0.046634	-0.030859	-0.043753	
0.650000	-7.115227	-4.746487	-4.550944	0.000000	0.000000	2.000000	0.052599	-0.034453	-0.030648	
0.660000	-8.103140	-5.351766	-2.764060	0.000000	0.000000	2.000000	0.059106	-0.038469	-0.017332	
0.670000	-9.021605	-6.021119	-0.865572	0.000000	0.000000	2.000000	0.064890	-0.043119	-0.003170	
0.680000	-9.907167	-6.633467	0.969974	0.000000	0.000000	2.000000	0.070312	-0.047557	0.010568	
0.690000	-10.651405	-7.250931	2.718722	0.000000	0.000000	2.000000	0.074650	-0.052207	0.023673	
0.700000	-11.292903	-7.791693	4.295088	0.000000	0.000000	2.000000	0.078265	-0.056435	0.035510	
0.710000	-11.770991	-8.351858	5.670765	0.000000	0.000000	2.000000	0.080796	-0.060874	0.045867	
0.720000	-12.021924	-8.911568	6.794626	0.000000	0.000000	2.000000	0.081880	-0.065312	0.054321	
0.730000	-11.998461	-9.576578	7.487799	0.000000	0.000000	2.000000	0.081338	-0.070385	0.059605	
0.740000	-11.749193	-10.296723	7.719981	0.000000	0.000000	2.000000	0.079531	-0.075669	0.061508	
0.750000	-11.396399	-10.975606	7.664968	0.000000	0.000000	2.000000	0.077181	-0.080531	0.061296	
0.760000	-11.031399	-11.517812	7.441960	0.000000	0.000000	2.000000	0.074831	-0.084335	0.059817	
0.770000	-10.765712	-11.948721	7.100995	0.000000	0.000000	2.000000	0.073204	-0.087294	0.057492	
0.780000	-10.576815	-12.293788	6.701703	0.000000	0.000000	2.000000	0.072120	-0.089619	0.054744	
0.790000	-10.462735	-12.465880	6.223587	0.000000	0.000000	2.000000	0.071578	-0.090676	0.051362	
0.800000	-10.398108	-12.550970	5.690630	0.000000	0.000000	2.000000	0.071397	-0.091099	0.047557	
0.810000	-10.328133	-12.520262	5.079976	0.000000	0.000000	2.000000	0.071216	-0.090676	0.043119	
0.820000	-10.288815	-12.455097	4.528815	0.000000	0.000000	2.000000	0.071216	-0.090042	0.039103	
0.830000	-10.273539	-12.359299	3.948847	0.000000	0.000000	2.000000	0.071397	-0.089197	0.034875	
0.840000	-10.290806	-12.170013	3.462929	0.000000	0.000000	2.000000	0.071758	-0.087717	0.031282	
0.850000	-10.311769	-12.006669	3.032996	0.000000	0.000000	2.000000	0.072120	-0.086449	0.028112	
0.860000	-10.366878	-11.809484	2.721199	0.000000	0.000000	2.000000	0.072662	-0.084969	0.025787	
0.870000	-10.481678	-11.608699	2.523042	0.000000	0.000000	2.000000	0.073566	-0.083490	0.024307	
0.880000	-10.604711	-11.434264	2.439820	0.000000	0.000000	2.000000	0.074470	-0.082222	0.023673	
0.890000	-10.759947	-11.257687	2.442633	0.000000	0.000000	2.000000	0.075554	-0.080953	0.023673	
0.900000	-10.893459	-11.167980	2.498832	0.000000	0.000000	2.000000	0.076458	-0.080319	0.024096	
0.910000	-11.001365	-11.078245	2.556839	0.000000	0.000000	2.000000	0.077181	-0.079685	0.024518	
0.920000	-11.085743	-11.017176	2.643816	0.000000	0.000000	2.000000	0.077723	-0.079262	0.025153	
0.930000	-11.144652	-10.926612	2.735049	0.000000	0.000000	2.000000	0.078085	-0.078628	0.025787	
0.940000	-11.229206	-10.865426	2.821877	0.000000	0.000000	2.000000	0.078627	-0.078206	0.026421	
0.950000	-11.341788	-10.832818	2.933715	0.000000	0.000000	2.000000	0.079350	-0.077994	0.027266	
0.960000	-11.431092	-10.799276	3.076945	0.000000	0.000000	2.000000	0.079892	-0.077783	0.028323	
0.970000	-11.546202	-10.795017	3.215742	0.000000	0.000000	2.000000	0.080615	-0.077783	0.029380	
0.980000	-11.635287	-10.849479	3.351961	0.000000	0.000000	2.000000	0.081157	-0.078206	0.030437	
0.990000	-11.729339	-10.901910	3.546926	0.000000	0.000000	2.000000	0.081700	-0.078628	0.031916	
1.000000	-11.913218	-10.650858	5.469989	0.000000	0.000000	5.000000	0.081880	-0.077360	0.045655	
1.010000	-12.995872	-10.789081	8.165609	0.000000	0.000000	5.000000	0.087664	-0.079474	0.065735	
1.020000	-14.637514	-11.391458	11.195003	0.000000	0.000000	5.000000	0.096702	-0.085603	0.088985	
1.030000	-16.251038	-12.410589	14.477961	0.000000	0.000000	5.000000	0.105017	-0.095538	0.114561	
1.040000	-17.728062	-13.274174	17.574507	0.000000	0.000000	5.000000	0.112247	-0.104838	0.138868	
1.050000	-18.782564	-14.097674	20.425432	0.000000	0.000000	5.000000	0.116765	-0.114138	0.161273	
1.060000	-19.494843	-14.845270	22.691351	0.000000	0.000000	5.000000	0.119477	-0.122592	0.179239	
1.070000	-19.845749	-15.563416	24.610464	0.000000	0.000000	5.000000	0.120200	-0.130624	0.194457	
1.080000	-19.903112	-16.287708	26.092232	0.000000	0.000000	5.000000	0.119477	-0.138234	0.206294	
1.090000	-19.734385	-17.097185	27.235870	0.000000	0.000000	5.000000	0.117669	-0.146054	0.215594	
1.100000	-19.341753	-17.965677	28.074961	0.000000	0.000000	5.000000	0.114777	-0.153875	0.222569	
1.110000	-18.832195	-18.895576	28.737331	0.000000	0.000000	5.000000	0.111343	-0.161907	0.228276	
1.120000	-18.392303	-19.911949	29.225618	0.000000	0.000000	5.000000	0.108451	-0.170361	0.232926	
1.130000	-18.041046	-20.894632	29.697746	0.000000	0.000000	5.000000	0.106101	-0.178605	0.237576	
1.140000	-17.707705	-21.784910	30.063675	0.000000	0.000000	5.000000	0.103932	-0.186002	0.241380	
1.150000	-17.359800	-22.591652	30.301027	0.000000	0.000000	5.000000	0.101763	-0.192555	0.244128	
1.160000	-17.022919	-23.222162	30.346807	0.000000	0.000000	5.000000	0.099775	-0.197416	0.245185	
1.170000	-16.607569	-23.619940	30.225357	0.000000	0.000000	5.000000	0.097425	-0.200164	0.244551	
1.180000	-16.146456	-23.893667	29.940498	0.000000	0.000000	5.000000	0.094895	-0.201643	0.242437	
1.190000	-15.775563	-24.065081	29.611979	0.000000	0.000000	5.000000	0.092906	-0.202278	0.239901	
1.200000	-15.310275	-24.191635	29.245388	0.000000	0.000000	5.000000	0.090376	-0.202489	0.236942	
1.210000	-15.009448	-24.289566	28.978182	0.000000	0.000000	5.000000	0.088749	-0.202700	0.234828	
1.220000	-14.747473	-24.366434	28.793491	0.000000	0.000000	5.000000	0.087303	-0.202912	0.233348	
1.230000	-14.622647	-24.402180	28.769558	0.000000	0.000000	5.000000	0.086580	-0.203123	0.233137	
1.240000	-14.561232	-24.431101	28.768896	0.000000	0.000000	5.000000	0.086218	-0.203334	0.233137	
1.250000	-14.561745	-24.402180	28.774834	0.000000	0.000000	5.000000	0.086218	-0.203123	0.233137	
1.260000	-14.595189	-24.366434	28.806751	0.000000	0.000000	5.000000	0.086399	-0.202912	0.233348	
1.270000	-14.628645	-24.330679	28.838655	0.000000	0.000000	5.000000	0.086580	-0.202700	0.233560	
1.280000	-14.634640	-24.259150	28.907721	0.000000	0.000000	5.000000	0.086580	-0.202278	0.233983	
1.290000	-14.668118	-24.223375	28.939594	0.000000	0.000000	5.000000	0.086761	-0.202066	0.234194	
1.300000	-14.700141	-24.136587	28.954624	0.000000	0.000000	5.000000	0.086941	-0.201432	0.234194	
1.310000	-14.700206	-23.998768	28.955360	0.000000	0.000000	5.000000	0.086941	-0.200375	0.233983	
1.320000	-14.698776	-23.809856	28.938965	0.000000	0.000000	5.000000	0.086941	-0.198896	0.233560	
1.330000	-14.656883	-23.648102	28.810421	0.000000	0.000000	5.000000	0.086761	-0.197416	0.232292	
1.340000	-14.512334	-23.461868	28.557657	0.000000	0.000000	5.000000	0.086038	-0.195514	0.229967	
1.350000	-14.262862	-23.285700	28.145531	0.000000	0.000000	5.000000	0.084772	-0.193400	0.226373	
1.360000	-13.914497	-23.104710	27.630386	0.000000	0.000000	5.000000	0.082965	-0.191075	0.221935	
1.370000	-13.598084	-22.920891	27.110735	0.000000	0.000000	5.000000	0.081338	-0.188750	0.217496	
1.380000	-13.324427	-22.731964	26.725130	0.000000	0.000000	5.000000	0.079892	-0.186636	0.214114	
1.390000	-13.184294	-22.591267	26.485106	0.000000	0.000000	5.000000	0.079169	-0.185157	0.212000	
1.400000	-13.153262	-22.510403	26.474939	0.000000	0.000000	5.000000	0.078988	-0.184523	0.211789	
1.410000	-13.190576	-22.462727	26.564283	0.000000	0.000000	5.000000	0.079169	-0.184311	0.212423	
1.420000	-13.232924	-22.373466	26.716524	0.000000	0.000000	5.000000	0.079350	-0.183889	0.213480	
1.430000	-13.311461	-22.323225	26.941814	0.000000	0.000000	5.000000	0.079711	-0.183889	0.215171	
1.440000	-13.424943	-22.259872	27.222046	0.000000	0.000000	5.000000	0.080254	-0.183889	0.217285	
1.450000	-13.535958	-22.231365	27.467958	0.000000	0.000000	5.000000	0.080796	-0.184100	0.219187	
1.460000	-13.646795	-22.231390	27.708286	0.000000	0.000000	5.000000	0.081338	-0.184523	0.221089	
1.470000	-13.720532	-22.250481	27.864784	0.000000	0.000000	5.000000	0.081700	-0.184946	0.222357	
1.480000	-13.760242	-22.224384	27.977108	0.000000	0.000000	5.000000	0.081880	-0.184946	0.223203	
1.490000	-13.797629	-22.204748	28.060707	0.000000	0.000000	5.000000	0.082061	-0.184946	0.223837	
1.500000	-13.832683	-22.191628	28.115597	0.000000	0.000000	5.000000	0.082242	-0.184946	0.224260	
1.510000	-13.802794	-22.162603	28.123503	0.000000	0.000000	5.000000	0.082061	-0.184734	0.224260	
1.520000	-13.774814	-22.156034	28.154686	0.000000	0.000000	5.000000	0.081880	-0.184734	0.224471	
1.530000	-13.716919	-22.120432	28.193748	0.000000	0.000000	5.000000	0.081519	-0.184523	0.224682	
1.540000	-13.631408	-22.049208	28.269329	0.000000	0.000000	5.000000	0.080977	-0.184100	0.225105	
1.550000	-13.518181	-21.942314	28.381342	0.000000	0.000000	5.000000	0.080254	-0.183466	0.225739	
1.560000	-13.435195	-21.835358	28.490786	0.000000	0.000000	5.000000	0.079711	-0.182832	0.226373	
1.570000	-13.296618	-21.656952	28.672951	0.000000	0.000000	5.000000	0.078808	-0.181775	0.227430	
1.580000	-13.188174	-21.478367	28.852434	0.000000	0.000000	5.000000	0.078085	-0.180718	0.228487	
1.590000	-13.016254	-21.306316	29.007708	0.000000	0.000000	5.000000	0.077000	-0.179661	0.229332	
1.600000	-12.841022	-21.198988	29.123491	0.000000	0.000000	5.000000	0.075916	-0.179027	0.229967	
1.610000	-12.538756	-21.134140	29.185572	0.000000	0.000000	5.000000	0.074108	-0.178605	0.230178	
1.620000	-12.266085	-21.127401	29.234419	0.000000	0.000000	5.000000	0.072481	-0.178605	0.230389	
1.630000	-11.991252	-21.127401	29.254148	0.000000	0.000000	5.000000	0.070855	-0.178605	0.230389	
1.640000	-11.716388	-21.127401	29.273432	0.000000	0.000000	5.000000	0.069228	-0.178605	0.230389	
1.650000	-11.474340	-21.091597	29.324110	0.000000	0.000000	5.000000	0.067782	-0.178393	0.230601	
1.660000	-11.234423	-21.019964	29.408333	0.000000	0.000000	5.000000	0.066336	-0.177970	0.231023	
1.670000	-11.090125	-20.905684	29.548754	0.000000	0.000000	5.000000	0.065432	-0.177336	0.231869	
1.680000	-10.974673	-20.769032	29.663496	0.000000	0.000000	5.000000	0.064709	-0.176491	0.232503	
1.690000	-10.889025	-20.690453	29.765774	0.000000	0.000000	5.000000	0.064167	-0.176068	0.233137	
1.700000	-10.863057	-20.589577	29.840534	0.000000	0.000000	5.000000	0.063986	-0.175434	0.233560	
1.710000	-10.838891	-20.481819	29.943893	0.000000	0.000000	5.000000	0.063805	-0.174800	0.234194	
1.720000	-10.873883	-20.409945	30.009493	0.000000	0.000000	5.000000	0.063986	-0.174377	0.234617	
1.730000	-10.878210	-20.338041	30.077023	0.000000	0.000000	5.000000	0.063986	-0.173955	0.235039	
1.740000	-10.915402	-20.230133	30.176291	0.000000	0.000000	5.000000	0.064167	-0.173320	0.235673	
1.750000	-10.952626	-20.122160	30.275482	0.000000	0.000000	5.000000	0.064348	-0.172686	0.236308	
1.760000	-10.991733	-20.007189	30.403240	0.000000	0.000000	5.000000	0.064528	-0.172052	0.237153	
1.770000	-11.029025	-19.899071	30.502274	0.000000	0.000000	5.000000	0.064709	-0.171418	0.237787	
1.780000	-11.033711	-19.797857	30.574596	0.000000	0.000000	5.000000	0.064709	-0.170784	0.238210	
1.790000	-11.037746	-19.754810	30.636866	0.000000	0.000000	5.000000	0.064709	-0.170573	0.238633	
1.800000	-11.040250	-19.689627	30.675488	0.000000	0.000000	5.000000	0.064709	-0.170150	0.238844	
1.810000	-11.042428	-19.653538	30.709103	0.000000	0.000000	5.000000	0.064709	-0.169939	0.239055	
1.820000	-11.013798	-19.617439	30.744705	0.000000	0.000000	5.000000	0.064528	-0.169727	0.239267	
1.830000	-11.017818	-19.574327	30.806931	0.000000	0.000000	5.000000	0.064528	-0.169516	0.239689	
1.840000	-11.052991	-19.502083	30.872110	0.000000	0.000000	5.000000	0.064709	-0.169093	0.240112	
1.850000	-11.057342	-19.429811	30.939253	0.000000	0.000000	5.000000	0.064709	-0.168670	0.240535	
1.860000	-11.123722	-19.328400	31.007288	0.000000	0.000000	5.000000	0.065071	-0.168036	0.240958	
1.870000	-11.191702	-19.249008	31.098932	0.000000	0.000000	5.000000	0.065432	-0.167614	0.241592	
1.880000	-11.288745	-19.176636	31.159870	0.000000	0.000000	5.000000	0.065974	-0.167191	0.242014	
1.890000	-11.354961	-19.104237	31.222778	0.000000	0.000000	5.000000	0.066336	-0.166768	0.242437	
1.900000	-11.450213	-19.038906	31.254963	0.000000	0.000000	5.000000	0.066878	-0.166345	0.242649	
1.910000	-11.516193	-18.995584	31.312881	0.000000	0.000000	5.000000	0.067240	-0.166134	0.243071	
1.920000	-11.582545	-18.923113	31.375624	0.000000	0.000000	5.000000	0.067601	-0.165711	0.243494	
1.930000	-11.648941	-18.850615	31.438311	0.000000	0.000000	5.000000	0.067963	-0.165288	0.243917	
1.940000	-11.719625	-18.734661	31.562939	0.000000	0.000000	5.000000	0.068324	-0.164654	0.244762	
1.950000	-11.819402	-18.625776	31.656750	0.000000	0.000000	5.000000	0.068866	-0.164020	0.245396	
1.960000	-11.919279	-18.516830	31.750433	0.000000	0.000000	5.000000	0.069409	-0.163386	0.246030	
1.970000	-12.020589	-18.458879	31.862995	0.000000	0.000000	5.000000	0.069951	-0.163175	0.246876	
1.980000	-12.150692	-18.437204	31.939936	0.000000	0.000000	5.000000	0.070674	-0.163175	0.247510	
1.990000	-12.216803	-18.422724	31.992640	0.000000	0.000000	5.000000	0.071035	-0.163175	0.247933	
2.000000	-12.410701	-19.217983	30.799459	0.000000	0.000000	2.000000	0.072662	-0.166979	0.239901	
2.010000	-11.713895	-19.097090	29.237476	0.000000	0.000000	2.000000	0.069228	-0.163175	0.227430	
2.020000	-10.996225	-18.704863	27.652109	0.000000	0.000000	2.000000	0.065613	-0.157468	0.214537	
2.030000	-10.559356	-18.090799	26.039566	0.000000	0.000000	2.000000	0.063625	-0.150281	0.201432	
2.040000	-10.327689	-17.613548	24.745378	0.000000	0.000000	2.000000	0.062721	-0.144786	0.191075	
2.050000	-10.273513	-16.868366	23.411448	0.000000	0.000000	2.000000	0.062902	-0.137388	0.180295	
2.060000	-10.347405	-16.158978	22.251453	0.000000	0.000000	2.000000	0.063805	-0.130624	0.170995	
2.070000	-10.599497	-15.334653	21.169817	0.000000	0.000000	2.000000	0.065794	-0.123227	0.162329	
2.080000	-10.851933	-14.573436	20.155653	0.000000	0.000000	2.000000	0.067782	-0.116463	0.154297	
2.090000	-11.163624	-13.760282	19.220030	0.000000	0.000000	2.000000	0.070132	-0.109488	0.146900	
2.100000	-11.537494	-13.006330	18.408554	0.000000	0.000000	2.000000	0.072843	-0.103147	0.140559	
2.110000	-11.972086	-12.259774	17.699413	0.000000	0.000000	2.000000	0.075916	-0.097017	0.135063	
2.120000	-12.412673	-11.606996	17.118525	0.000000	0.000000	2.000000	0.078988	-0.091733	0.130624	
2.130000	-12.945622	-11.020723	16.663506	0.000000	0.000000	2.000000	0.082603	-0.087083	0.127243	
2.140000	-13.484207	-10.565093	16.308065	0.000000	0.000000	2.000000	0.086218	-0.083490	0.124706	
2.150000	-14.027258	-10.215328	16.027004	0.000000	0.000000	2.000000	0.089834	-0.080742	0.122804	
2.160000	-14.583895	-9.961246	15.908831	0.000000	0.000000	2.000000	0.093449	-0.078840	0.122170	
2.170000	-15.124777	-9.836288	15.925377	0.000000	0.000000	2.000000	0.096883	-0.077994	0.122592	
2.180000	-15.642976	-9.792357	15.994262	0.000000	0.000000	2.000000	0.100136	-0.077783	0.123438	
2.190000	-16.111025	-9.799870	16.120958	0.000000	0.000000	2.000000	0.103028	-0.077994	0.124706	
2.200000	-16.529245	-9.858603	16.305859	0.000000	0.000000	2.000000	0.105559	-0.078628	0.126397	
2.210000	-16.922655	-10.001462	16.514708	0.000000	0.000000	2.000000	0.107909	-0.079896	0.128299	
2.220000	-17.288570	-10.173232	16.723024	0.000000	0.000000	2.000000	0.110078	-0.081376	0.130202	
2.230000	-17.601522	-10.399437	16.960711	0.000000	0.000000	2.000000	0.111885	-0.083278	0.132315	
2.240000	-17.855013	-10.658355	17.172087	0.000000	0.000000	2.000000	0.113331	-0.085392	0.134218	
2.250000	-18.105721	-10.920723	17.353310	0.000000	0.000000	2.000000	0.114777	-0.087506	0.135909	
2.260000	-18.328184	-11.212049	17.534149	0.000000	0.000000	2.000000	0.116042	-0.089831	0.137599	
2.270000	-18.522903	-11.473510	17.719923	0.000000	0.000000	2.000000	0.117127	-0.091944	0.139290	
2.280000	-18.689480	-11.734518	17.908167	0.000000	0.000000	2.000000	0.118031	-0.094058	0.140981	
2.290000	-18.827810	-11.995071	18.098972	0.000000	0.000000	2.000000	0.118754	-0.096172	0.142672	
2.300000	-18.966345	-12.255170	18.288986	0.000000	0.000000	2.000000	0.119477	-0.098285	0.144363	
2.310000	-19.079636	-12.539889	18.507721	0.000000	0.000000	2.000000	0.120019	-0.100610	0.146266	
2.320000	-19.165159	-12.765289	18.735039	0.000000	0.000000	2.000000	0.120381	-0.102513	0.148168	
2.330000	-19.251520	-12.931402	18.967840	0.000000	0.000000	2.000000	0.120742	-0.103992	0.150070	
2.340000	-19.306139	-13.072085	19.177822	0.000000	0.000000	2.000000	0.120923	-0.105260	0.151761	
2.350000	-19.354506	-13.162643	19.335794	0.000000	0.000000	2.000000	0.121104	-0.106106	0.153029	
2.360000	-19.367851	-13.203312	19.445442	0.000000	0.000000	2.000000	0.121104	-0.106529	0.153875	
2.370000	-19.348885	-13.248427	19.529587	0.000000	0.000000	2.000000	0.120923	-0.106951	0.154509	
2.380000	-19.348122	-13.307144	19.523317	0.000000	0.000000	2.000000	0.120923	-0.107374	0.154509	
2.390000	-19.315447	-13.341043	19.494703	0.000000	0.000000	2.000000	0.120742	-0.107585	0.154297	
2.400000	-19.282398	-13.404290	19.462917	0.000000	0.000000	2.000000	0.120561	-0.108008	0.154086	
2.410000	-19.246239	-13.442698	19.405302	0.000000	0.000000	2.000000	0.120381	-0.108220	0.153663	
2.420000	-19.206215	-13.514937	19.315521	0.000000	0.000000	2.000000	0.120200	-0.108642	0.153029	
2.430000	-19.134007	-13.591598	19.200182	0.000000	0.000000	2.000000	0.119838	-0.109065	0.152184	
2.440000	-19.033560	-13.638806	19.091415	0.000000	0.000000	2.000000	0.119296	-0.109276	0.151338	
2.450000	-18.930159	-13.660987	18.956778	0.000000	0.000000	2.000000	0.118754	-0.109276	0.150281	
2.460000	-18.798634	-13.653662	18.828648	0.000000	0.000000	2.000000	0.118031	-0.109065	0.149225	
2.470000	-18.692505	-13.650537	18.667999	0.000000	0.000000	2.000000	0.117488	-0.108854	0.147956	
2.480000	-18.557957	-13.647191	18.510601	0.000000	0.000000	2.000000	0.116765	-0.108642	0.146688	
2.490000	-18.449560	-13.589187	18.327034	0.000000	0.000000	2.000000	0.116223	-0.108008	0.145209	
2.500000	-18.340990	-13.560230	18.140152	0.000000	0.000000	2.000000	0.115681	-0.107585	0.143729	
2.510000	-18.261118	-13.530970	17.949833	0.000000	0.000000	2.000000	0.115319	-0.107163	0.142250	
2.520000	-18.178383	-13.476183	17.733486	0.000000	0.000000	2.000000	0.114958	-0.106529	0.140559	
2.530000	-18.095795	-13.420995	17.516991	0.000000	0.000000	2.000000	0.114596	-0.105895	0.138868	
2.540000	-18.007038	-13.344103	17.245302	0.000000	0.000000	2.000000	0.114235	-0.105049	0.136754	
2.550000	-17.925108	-13.258643	17.031527	0.000000	0.000000	2.000000	0.113873	-0.104204	0.135063	
2.560000	-17.875275	-13.139478	16.846434	0.000000	0.000000	2.000000	0.113693	-0.103147	0.133584	
2.570000	-17.859705	-13.070948	16.710079	0.000000	0.000000	2.000000	0.113693	-0.102513	0.132527	
2.580000	-17.850428	-13.023878	16.628828	0.000000	0.000000	2.000000	0.113693	-0.102090	0.131893	
2.590000	-17.847446	-12.998384	16.602732	0.000000	0.000000	2.000000	0.113693	-0.101879	0.131681	
2.600000	-17.872030	-13.031632	16.567432	0.000000	0.000000	2.000000	0.113873	-0.102090	0.131470	
2.610000	-17.872030	-13.031632	16.567432	0.000000	0.000000	2.000000	0.113873	-0.102090	0.131470	
2.620000	-17.896603	-13.064874	16.532124	0.000000	0.000000	2.000000	0.114054	-0.102301	0.131259	
2.630000	-17.892927	-13.098109	16.500040	0.000000	0.000000	2.000000	0.114054	-0.102513	0.131047	
2.640000	-17.889250	-13.131337	16.467951	0.000000	0.000000	2.000000	0.114054	-0.102724	0.130836	
2.650000	-17.885574	-13.164558	16.435854	0.000000	0.000000	2.000000	0.114054	-0.102935	0.130624	
2.660000	-17.878565	-13.201609	16.374662	0.000000	0.000000	2.000000	0.114054	-0.103147	0.130202	
2.670000	-17.871206	-13.268004	16.310432	0.000000	0.000000	2.000000	0.114054	-0.103570	0.129779	
2.680000	-17.867527	-13.301192	16.278307	0.000000	0.000000	2.000000	0.114054	-0.103781	0.129568	
2.690000	-17.831982	-13.367547	16.217260	0.000000	0.000000	2.000000	0.113873	-0.104204	0.129145	
2.700000	-17.828655	-13.371346	16.188168	0.000000	0.000000	2.000000	0.113873	-0.104204	0.128933	
2.710000	-17.797155	-13.375140	16.162292	0.000000	0.000000	2.000000	0.113693	-0.104204	0.128722	
2.720000	-17.768982	-13.375140	16.165506	0.000000	0.000000	2.000000	0.113512	-0.104204	0.128722	
2.730000	-17.709330	-13.378927	16.142824	0.000000	0.000000	2.000000	0.113150	-0.104204	0.128511	
2.740000	-17.677858	-13.382709	16.116924	0.000000	0.000000	2.000000	0.112970	-0.104204	0.128299	
2.750000	-17.618238	-13.386483	16.094204	0.000000	0.000000	2.000000	0.112608	-0.104204	0.128088	
2.760000	-17.555700	-13.364647	16.045406	0.000000	0.000000	2.000000	0.112247	-0.103992	0.127665	
2.770000	-17.524273	-13.368403	16.019474	0.000000	0.000000	2.000000	0.112066	-0.103992	0.127454	
2.780000	-17.468321	-13.339034	16.028841	0.000000	0.000000	2.000000	0.111704	-0.103781	0.127454	
2.790000	-17.471586	-13.335279	16.057947	0.000000	0.000000	2.000000	0.111704	-0.103781	0.127665	
2.800000	-17.471926	-13.305909	16.060984	0.000000	0.000000	2.000000	0.111704	-0.103570	0.127665	
2.810000	-17.475191	-13.302146	16.090088	0.000000	0.000000	2.000000	0.111704	-0.103570	0.127877	
2.820000	-17.503349	-13.302146	16.086927	0.000000	0.000000	2.000000	0.111885	-0.103570	0.127877	
2.830000	-17.503349	-13.302146	16.086927	0.000000	0.000000	2.000000	0.111885	-0.103570	0.127877	
2.840000	-17.503349	-13.302146	16.086927	0.000000	0.000000	2.000000	0.111885	-0.103570	0.127877	
2.850000	-17.500080	-13.305909	16.057823	0.000000	0.000000	2.000000	0.111885	-0.103570	0.127665	
2.860000	-17.471586	-13.335279	16.057947	0.000000	0.000000	2.000000	0.111704	-0.103781	0.127665	
2.870000	-17.468321	-13.339034	16.028841	0.000000	0.000000	2.000000	0.111704	-0.103781	0.127454	
2.880000	-17.468321	-13.339034	16.028841	0.000000	0.000000	2.000000	0.111704	-0.103781	0.127454	
2.890000	-17.496469	-13.339034	16.025681	0.000000	0.000000	2.000000	0.111885	-0.103781	0.127454	
2.900000	-17.524616	-13.339034	16.022516	0.000000	0.000000	2.000000	0.112066	-0.103781	0.127454	
2.910000	-17.524958	-13.309665	16.025553	0.000000	0.000000	2.000000	0.112066	-0.103570	0.127454	
2.920000	-17.522024	-13.284045	15.999478	0.000000	0.000000	2.000000	0.112066	-0.103358	0.127243	
2.930000	-17.515812	-13.262156	15.944290	0.000000	0.000000	2.000000	0.112066	-0.103147	0.126820	
2.940000	-17.453691	-13.210870	15.898425	0.000000	0.000000	2.000000	0.111704	-0.102724	0.126397	
2.950000	-17.419384	-13.188930	15.846360	0.000000	0.000000	2.000000	0.111524	-0.102513	0.125974	
2.960000	-17.388348	-13.163263	15.823394	0.000000	0.000000	2.000000	0.111343	-0.102301	0.125763	
2.970000	-17.385427	-13.137590	15.797274	0.000000	0.000000	2.000000	0.111343	-0.102090	0.125552	
2.980000	-17.385761	-13.108216	15.800261	0.000000	0.000000	2.000000	0.111343	-0.101879	0.125552	
2.990000	-17.383173	-13.053160	15.777103	0.000000	0.000000	2.000000	0.111343	-0.101456	0.125340	
3.000000	-17.354240	-12.905921	16.028120	0.000000	0.000000	5.000000	0.110981	-0.100610	0.127031	
3.010000	-17.769903	-12.439882	17.945715	0.000000	0.000000	5.000000	0.112247	-0.099131	0.140981	
3.020000	-18.693077	-12.276639	19.911871	0.000000	0.000000	5.000000	0.116585	-0.100188	0.155988	
3.030000	-19.364368	-12.709706	21.604513	0.000000	0.000000	5.000000	0.119477	-0.105472	0.169304	
3.040000	-19.810713	-13.131303	23.084440	0.000000	0.000000	5.000000	0.121104	-0.110545	0.180930	
3.050000	-20.008265	-13.644473	24.460287	0.000000	0.000000	5.000000	0.121284	-0.116251	0.191709	
3.060000	-20.098183	-14.170795	25.695860	0.000000	0.000000	5.000000	0.120923	-0.121958	0.201432	
3.070000	-19.963406	-14.819307	26.848835	0.000000	0.000000	5.000000	0.119296	-0.128511	0.210521	
3.080000	-19.773830	-15.464992	27.829287	0.000000	0.000000	5.000000	0.117488	-0.134852	0.218341	
3.090000	-19.456175	-16.218510	28.799778	0.000000	0.000000	5.000000	0.114958	-0.142038	0.226162	
3.100000	-19.129496	-16.969522	29.732183	0.000000	0.000000	5.000000	0.112427	-0.149225	0.233771	
3.110000	-18.765432	-17.769926	30.649296	0.000000	0.000000	5.000000	0.109716	-0.156834	0.241380	
3.120000	-18.423368	-18.568487	31.524025	0.000000	0.000000	5.000000	0.107186	-0.164443	0.248778	
3.130000	-18.007280	-19.402355	32.332970	0.000000	0.000000	5.000000	0.104294	-0.172264	0.255753	
3.140000	-17.679138	-20.090586	33.119152	0.000000	0.000000	5.000000	0.101944	-0.179027	0.262517	
3.150000	-17.311743	-20.671116	33.864975	0.000000	0.000000	5.000000	0.099413	-0.184946	0.268858	
3.160000	-17.028471	-21.153399	34.531952	0.000000	0.000000	5.000000	0.097425	-0.190018	0.274565	
3.170000	-16.728113	-21.563643	35.046982	0.000000	0.000000	5.000000	0.095437	-0.194246	0.279004	
3.180000	-16.412848	-21.846485	35.423592	0.000000	0.000000	5.000000	0.093449	-0.197205	0.282174	
3.190000	-16.153803	-22.036886	35.730907	0.000000	0.000000	5.000000	0.091822	-0.199318	0.284710	
3.200000	-15.951700	-22.135637	35.970097	0.000000	0.000000	5.000000	0.090557	-0.200587	0.286613	
3.210000	-15.811101	-22.184399	36.186573	0.000000	0.000000	5.000000	0.089653	-0.201432	0.288304	
3.220000	-15.764129	-22.183342	36.377831	0.000000	0.000000	5.000000	0.089291	-0.201855	0.289783	
3.230000	-15.776743	-22.141079	36.518726	0.000000	0.000000	5.000000	0.089291	-0.201855	0.290840	
3.240000	-15.782843	-22.066275	36.586857	0.000000	0.000000	5.000000	0.089291	-0.201432	0.291263	
3.250000	-15.818288	-21.999928	36.623924	0.000000	0.000000	5.000000	0.089472	-0.201009	0.291474	
3.260000	-15.821868	-21.933569	36.663826	0.000000	0.000000	5.000000	0.089472	-0.200587	0.291686	
3.270000	-15.823442	-21.846756	36.681377	0.000000	0.000000	5.000000	0.089472	-0.199953	0.291686	
3.280000	-15.825012	-21.759932	36.698875	0.000000	0.000000	5.000000	0.089472	-0.199318	0.291686	
3.290000	-15.831631	-21.656103	36.772648	0.000000	0.000000	5.000000	0.089472	-0.198684	0.292108	
3.300000	-15.869634	-21.581188	36.837704	0.000000	0.000000	5.000000	0.089653	-0.198262	0.292531	
3.310000	-15.878786	-21.468761	36.939526	0.000000	0.000000	5.000000	0.089653	-0.197628	0.293165	
3.320000	-15.885403	-21.364819	37.013126	0.000000	0.000000	5.000000	0.089653	-0.196993	0.293588	
3.330000	-15.925986	-21.281240	37.106197	0.000000	0.000000	5.000000	0.089834	-0.196571	0.294222	
3.340000	-15.900119	-21.206182	37.176834	0.000000	0.000000	5.000000	0.089653	-0.196148	0.294645	
3.350000	-15.940725	-21.122505	37.269825	0.000000	0.000000	5.000000	0.089834	-0.195725	0.295279	
3.360000	-15.949870	-21.009802	37.371357	0.000000	0.000000	5.000000	0.089834	-0.195091	0.295913	
3.370000	-15.992545	-20.946342	37.486675	0.000000	0.000000	5.000000	0.090014	-0.194880	0.296758	
3.380000	-16.072916	-20.836487	37.660957	0.000000	0.000000	5.000000	0.090376	-0.194457	0.298027	
3.390000	-16.152891	-20.755386	37.829441	0.000000	0.000000	5.000000	0.090737	-0.194246	0.299295	
3.400000	-16.229900	-20.711781	37.964058	0.000000	0.000000	5.000000	0.091099	-0.194246	0.300352	
3.410000	-16.309578	-20.659256	38.126675	0.000000	0.000000	5.000000	0.091460	-0.194246	0.301620	
3.420000	-16.384203	-20.624123	38.233059	0.000000	0.000000	5.000000	0.091822	-0.194246	0.302465	
3.430000	-16.424131	-20.597708	38.314289	0.000000	0.000000	5.000000	0.092003	-0.194246	0.303099	
3.440000	-16.458902	-20.588892	38.339378	0.000000	0.000000	5.000000	0.092183	-0.194246	0.303311	
3.450000	-16.461496	-20.580069	38.367439	0.000000	0.000000	5.000000	0.092183	-0.194246	0.303522	
3.460000	-16.496805	-20.542269	38.398190	0.000000	0.000000	5.000000	0.092364	-0.194034	0.303733	
3.470000	-16.528997	-20.542269	38.395206	0.000000	0.000000	5.000000	0.092545	-0.194034	0.303733	
3.480000	-16.561188	-20.542269	38.392216	0.000000	0.000000	5.000000	0.092726	-0.194034	0.303733	
3.490000	-16.593906	-20.513294	38.394886	0.000000	0.000000	5.000000	0.092906	-0.193823	0.303733	
3.500000	-16.629244	-20.475483	38.425594	0.000000	0.000000	5.000000	0.093087	-0.193612	0.303945	
3.510000	-16.632391	-20.437666	38.459301	0.000000	0.000000	5.000000	0.093087	-0.193400	0.304156	
3.520000	-16.670368	-20.390991	38.518036	0.000000	0.000000	5.000000	0.093268	-0.193189	0.304579	
3.530000	-16.673519	-20.353153	38.551723	0.000000	0.000000	5.000000	0.093268	-0.192977	0.304790	
3.540000	-16.644444	-20.315308	38.588413	0.000000	0.000000	5.000000	0.093087	-0.192766	0.305002	
3.550000	-16.647587	-20.277456	38.622082	0.000000	0.000000	5.000000	0.093087	-0.192555	0.305213	
3.560000	-16.618492	-20.239597	38.658752	0.000000	0.000000	5.000000	0.092906	-0.192343	0.305424	
3.570000	-16.621105	-20.230717	38.686794	0.000000	0.000000	5.000000	0.092906	-0.192343	0.305636	
3.580000	-16.655966	-20.221828	38.711823	0.000000	0.000000	5.000000	0.093087	-0.192343	0.305847	
3.590000	-16.655966	-20.221828	38.711823	0.000000	0.000000	5.000000	0.093087	-0.192343	0.305847	
3.600000	-16.655966	-20.221828	38.711823	0.000000	0.000000	5.000000	0.093087	-0.192343	0.305847	
3.610000	-16.659107	-20.183950	38.745476	0.000000	0.000000	5.000000	0.093087	-0.192132	0.306058	
3.620000	-16.661724	-20.175051	38.773506	0.000000	0.000000	5.000000	0.093087	-0.192132	0.306270	
3.630000	-16.666958	-20.157232	38.829567	0.000000	0.000000	5.000000	0.093087	-0.192132	0.306693	
3.640000	-16.674282	-20.159447	38.908028	0.000000	0.000000	5.000000	0.093087	-0.192343	0.307327	
3.650000	-16.681604	-20.161604	38.986462	0.000000	0.000000	5.000000	0.093087	-0.192555	0.307961	
3.660000	-16.689451	-20.134727	39.070503	0.000000	0.000000	5.000000	0.093087	-0.192555	0.308595	
3.670000	-16.696770	-20.136778	39.148899	0.000000	0.000000	5.000000	0.093087	-0.192766	0.309229	
3.680000	-16.701998	-20.118793	39.204906	0.000000	0.000000	5.000000	0.093087	-0.192766	0.309652	
3.690000	-16.709839	-20.091772	39.288902	0.000000	0.000000	5.000000	0.093087	-0.192766	0.310286	
3.700000	-16.717680	-20.064699	39.372883	0.000000	0.000000	5.000000	0.093087	-0.192766	0.310920	
3.710000	-16.725519	-20.037571	39.456844	0.000000	0.000000	5.000000	0.093087	-0.192766	0.311554	
3.720000	-16.730743	-20.019457	39.512814	0.000000	0.000000	5.000000	0.093087	-0.192766	0.311977	
3.730000	-16.700956	-20.010389	39.543812	0.000000	0.000000	5.000000	0.092906	-0.192766	0.312188	
3.740000	-16.706171	-19.992239	39.599770	0.000000	0.000000	5.000000	0.092906	-0.192766	0.312611	
3.750000	-16.713989	-19.964970	39.683685	0.000000	0.000000	5.000000	0.092906	-0.192766	0.313245	
3.760000	-16.724413	-19.928526	39.795551	0.000000	0.000000	5.000000	0.092906	-0.192766	0.314090	
3.770000	-16.734833	-19.891989	39.907383	0.000000	0.000000	5.000000	0.092906	-0.192766	0.314936	
3.780000	-16.777735	-19.855354	40.016155	0.000000	0.000000	5.000000	0.093087	-0.192766	0.315781	
3.790000	-16.788168	-19.818626	40.127926	0.000000	0.000000	5.000000	0.093087	-0.192766	0.316627	
3.800000	-16.793385	-19.800226	40.183800	0.000000	0.000000	5.000000	0.093087	-0.192766	0.317050	
3.810000	-16.761395	-19.771246	40.192463	0.000000	0.000000	5.000000	0.092906	-0.192555	0.317050	
3.820000	-16.731476	-19.762037	40.223423	0.000000	0.000000	5.000000	0.092726	-0.192555	0.317261	
3.830000	-16.698954	-19.762037	40.226444	0.000000	0.000000	5.000000	0.092545	-0.192555	0.317261	
3.840000	-16.702068	-19.723839	40.260002	0.000000	0.000000	5.000000	0.092545	-0.192343	0.317472	
3.850000	-16.709845	-19.696159	40.343788	0.000000	0.000000	5.000000	0.092545	-0.192343	0.318106	
3.860000	-16.712437	-19.686922	40.371716	0.000000	0.000000	5.000000	0.092545	-0.192343	0.318318	
3.870000	-16.715549	-19.648693	40.405254	0.000000	0.000000	5.000000	0.092545	-0.192132	0.318529	
3.880000	-16.715549	-19.648693	40.405254	0.000000	0.000000	5.000000	0.092545	-0.192132	0.318529	
3.890000	-16.715549	-19.648693	40.405254	0.000000	0.000000	5.000000	0.092545	-0.192132	0.318529	
3.900000	-16.715549	-19.648693	40.405254	0.000000	0.000000	5.000000	0.092545	-0.192132	0.318529	
3.910000	-16.715549	-19.648693	40.405254	0.000000	0.000000	5.000000	0.092545	-0.192132	0.318529	
3.920000	-16.715549	-19.648693	40.405254	0.000000	0.000000	5.000000	0.092545	-0.192132	0.318529	
3.930000	-16.748104	-19.648693	40.402233	0.000000	0.000000	5.000000	0.092726	-0.192132	0.318529	
3.940000	-16.748104	-19.648693	40.402233	0.000000	0.000000	5.000000	0.092726	-0.192132	0.318529	
3.950000	-16.780657	-19.648693	40.399200	0.000000	0.000000	5.000000	0.092906	-0.192132	0.318529	
3.960000	-16.813734	-19.619709	40.401775	0.000000	0.000000	5.000000	0.093087	-0.191921	0.318529	
3.970000	-16.813734	-19.619709	40.401775	0.000000	0.000000	5.000000	0.093087	-0.191921	0.318529	
3.980000	-16.816341	-19.610458	40.429695	0.000000	0.000000	5.000000	0.093087	-0.191921	0.318740	
3.990000	-16.818947	-19.601202	40.457615	0.000000	0.000000	5.000000	0.093087	-0.191921	0.318952	
4.000000	-16.826765	-19.573399	40.541359	0.000000	0.000000	2.000000	0.093087	-0.191921	0.319586	
4.010000	-16.670616	-20.226339	38.868752	0.000000	0.000000	2.000000	0.093087	-0.192766	0.307115	
4.020000	-15.772709	-20.222662	37.193634	0.000000	0.000000	2.000000	0.088930	-0.188539	0.293165	
4.030000	-15.222193	-19.832350	35.677002	0.000000	0.000000	2.000000	0.086580	-0.181986	0.280272	
4.040000	-14.875212	-19.445530	34.233677	0.000000	0.000000	2.000000	0.085315	-0.175857	0.268224	
4.050000	-14.734218	-19.043922	32.952625	0.000000	0.000000	2.000000	0.085134	-0.170150	0.257656	
4.060000	-14.740528	-18.612190	31.928043	0.000000	0.000000	2.000000	0.085676	-0.164866	0.249201	
4.070000	-14.908474	-18.032375	30.988167	0.000000	0.000000	2.000000	0.087122	-0.158736	0.241380	
4.080000	-15.146811	-17.438374	30.174080	0.000000	0.000000	2.000000	0.088930	-0.152818	0.234617	
4.090000	-15.451035	-16.788162	29.438055	0.000000	0.000000	2.000000	0.091099	-0.146688	0.228487	
4.100000	-15.723783	-16.125557	28.726679	0.000000	0.000000	2.000000	0.093087	-0.140559	0.222569	
4.110000	-15.963229	-15.428183	28.015467	0.000000	0.000000	2.000000	0.094895	-0.134218	0.216651	
4.120000	-16.229702	-14.725277	27.294422	0.000000	0.000000	2.000000	0.096883	-0.127877	0.210732	
4.130000	-16.470858	-14.028136	26.652138	0.000000	0.000000	2.000000	0.098690	-0.121747	0.205448	
4.140000	-16.716480	-13.426215	26.076321	0.000000	0.000000	2.000000	0.100498	-0.116463	0.200798	
4.150000	-16.967819	-12.862280	25.575602	0.000000	0.000000	2.000000	0.102305	-0.111601	0.196782	
4.160000	-17.227751	-12.390524	25.173538	0.000000	0.000000	2.000000	0.104113	-0.107585	0.193612	
4.170000	-17.435081	-11.959091	24.855299	0.000000	0.000000	2.000000	0.105559	-0.103992	0.191075	
4.180000	-17.652439	-11.621915	24.638378	0.000000	0.000000	2.000000	0.107005	-0.101244	0.189384	
4.190000	-17.850695	-11.379685	24.527035	0.000000	0.000000	2.000000	0.108270	-0.099342	0.188539	
4.200000	-18.027214	-11.238297	24.493225	0.000000	0.000000	2.000000	0.109355	-0.098285	0.188327	
4.210000	-18.182934	-11.139070	24.543135	0.000000	0.000000	2.000000	0.110258	-0.097651	0.188750	
4.220000	-18.308739	-11.069201	24.593302	0.000000	0.000000	2.000000	0.110981	-0.097229	0.189173	
4.230000	-18.315479	-11.028695	24.653791	0.000000	0.000000	2.000000	0.110981	-0.097017	0.189596	
4.240000	-18.319008	-10.993737	24.685450	0.000000	0.000000	2.000000	0.110981	-0.096806	0.189807	
4.250000	-18.319008	-10.993737	24.685450	0.000000	0.000000	2.000000	0.110981	-0.096806	0.189807	
4.260000	-18.289293	-10.993737	24.688759	0.000000	0.000000	2.000000	0.110801	-0.096806	0.189807	
4.270000	-18.289293	-10.993737	24.688759	0.000000	0.000000	2.000000	0.110801	-0.096806	0.189807	
4.280000	-18.262781	-10.988164	24.720882	0.000000	0.000000	2.000000	0.110620	-0.096806	0.190018	
4.290000	-18.292816	-10.958774	24.720411	0.000000	0.000000	2.000000	0.110801	-0.096594	0.190018	
4.300000	-18.293131	-10.929383	24.723238	0.000000	0.000000	2.000000	0.110801	-0.096383	0.190018	
4.310000	-18.326061	-10.923802	24.748747	0.000000	0.000000	2.000000	0.110981	-0.096383	0.190230	
4.320000	-18.326376	-10.894412	24.751568	0.000000	0.000000	2.000000	0.110981	-0.096172	0.190230	
4.330000	-18.359631	-10.859433	24.779882	0.000000	0.000000	2.000000	0.111162	-0.095960	0.190441	
4.340000	-18.360256	-10.800649	24.785494	0.000000	0.000000	2.000000	0.111162	-0.095538	0.190441	
4.350000	-18.331459	-10.712466	24.797180	0.000000	0.000000	2.000000	0.110981	-0.094903	0.190441	
4.360000	-18.332384	-10.624278	24.805496	0.000000	0.000000	2.000000	0.110981	-0.094269	0.190441	
4.370000	-18.339420	-10.554293	24.868637	0.000000	0.000000	2.000000	0.110981	-0.093847	0.190864	
4.380000	-18.346149	-10.513679	24.929008	0.000000	0.000000	2.000000	0.110981	-0.093635	0.191287	
4.390000	-18.349665	-10.478663	24.960560	0.000000	0.000000	2.000000	0.110981	-0.093424	0.191498	
4.400000	-18.353180	-10.443641	24.992104	0.000000	0.000000	2.000000	0.110981	-0.093213	0.191709	
4.410000	-18.323107	-10.473040	24.992683	0.000000	0.000000	2.000000	0.110801	-0.093424	0.191709	
4.420000	-18.299435	-10.491174	25.050869	0.000000	0.000000	2.000000	0.110620	-0.093635	0.192132	
4.430000	-18.291403	-10.510351	25.250299	0.000000	0.000000	2.000000	0.110439	-0.094058	0.193612	
4.440000	-18.355783	-10.506280	25.558184	0.000000	0.000000	2.000000	0.110620	-0.094481	0.195937	
4.450000	-18.479033	-10.448874	26.121437	0.000000	0.000000	2.000000	0.110981	-0.094903	0.200164	
4.460000	-18.585075	-10.394391	26.799601	0.000000	0.000000	2.000000	0.111162	-0.095538	0.205237	
4.470000	-18.744303	-10.263691	27.677233	0.000000	0.000000	2.000000	0.111524	-0.095960	0.211789	
4.480000	-18.897947	-9.997689	28.225840	0.000000	0.000000	2.000000	0.112066	-0.094903	0.215805	
4.490000	-19.022711	-9.928801	28.786375	0.000000	0.000000	2.000000	0.112427	-0.095326	0.220032	
4.500000	-19.082521	-9.952212	29.316133	0.000000	0.000000	2.000000	0.112427	-0.096383	0.224048	
4.510000	-19.074533	-9.986752	29.794983	0.000000	0.000000	2.000000	0.112066	-0.097440	0.227642	
4.520000	-19.001822	-9.996899	30.254488	0.000000	0.000000	2.000000	0.111343	-0.098285	0.231023	
4.530000	-18.931574	-9.998618	30.742060	0.000000	0.000000	2.000000	0.110620	-0.099131	0.234617	
4.540000	-18.857103	-10.034919	31.197647	0.000000	0.000000	2.000000	0.109897	-0.100188	0.237999	
4.550000	-18.849155	-10.143649	31.693954	0.000000	0.000000	2.000000	0.109535	-0.101879	0.241803	
4.560000	-18.874617	-10.272562	32.211430	0.000000	0.000000	2.000000	0.109355	-0.103781	0.245819	
4.570000	-18.933723	-10.421297	32.749794	0.000000	0.000000	2.000000	0.109355	-0.105895	0.250046	
4.580000	-18.989578	-10.574971	33.258518	0.000000	0.000000	2.000000	0.109355	-0.108008	0.254062	
4.590000	-19.032839	-10.756494	33.652531	0.000000	0.000000	2.000000	0.109355	-0.110122	0.257233	
4.600000	-19.057304	-10.982097	33.875374	0.000000	0.000000	2.000000	0.109355	-0.112236	0.259135	
4.610000	-19.028513	-11.260338	33.902374	0.000000	0.000000	2.000000	0.109174	-0.114349	0.259558	
4.620000	-18.959333	-11.531899	33.850479	0.000000	0.000000	2.000000	0.108812	-0.116251	0.259347	
4.630000	-18.853363	-11.759871	33.751621	0.000000	0.000000	2.000000	0.108270	-0.117731	0.258712	
4.640000	-18.742460	-11.914856	33.606060	0.000000	0.000000	2.000000	0.107728	-0.118577	0.257656	
4.650000	-18.628273	-12.106485	33.428391	0.000000	0.000000	2.000000	0.107186	-0.119633	0.256387	
4.660000	-18.543612	-12.217384	33.229256	0.000000	0.000000	2.000000	0.106824	-0.120056	0.254908	
4.670000	-18.475845	-12.306297	32.891556	0.000000	0.000000	2.000000	0.106643	-0.120056	0.252371	
4.680000	-18.335278	-12.306227	32.460461	0.000000	0.000000	2.000000	0.106101	-0.119211	0.248990	
4.690000	-18.211788	-12.281774	31.889977	0.000000	0.000000	2.000000	0.105740	-0.117942	0.244551	
4.700000	-18.079931	-12.246335	31.236385	0.000000	0.000000	2.000000	0.105378	-0.116463	0.239478	
4.710000	-17.940458	-12.139915	30.505959	0.000000	0.000000	2.000000	0.105017	-0.114349	0.233771	
4.720000	-17.859936	-12.006327	29.742022	0.000000	0.000000	2.000000	0.105017	-0.112024	0.227853	
4.730000	-17.780233	-11.779834	28.985857	0.000000	0.000000	2.000000	0.105017	-0.109065	0.221935	
4.740000	-17.764357	-11.512741	28.252789	0.000000	0.000000	2.000000	0.105378	-0.105895	0.216228	
4.750000	-17.781937	-11.146763	27.551903	0.000000	0.000000	2.000000	0.105920	-0.102090	0.210732	
4.760000	-17.829174	-10.717680	26.850700	0.000000	0.000000	2.000000	0.106643	-0.097863	0.205237	
4.770000	-17.872242	-10.260680	26.120159	0.000000	0.000000	2.000000	0.107366	-0.093424	0.199530	
4.780000	-17.946840	-9.793274	25.411585	0.000000	0.000000	2.000000	0.108270	-0.088985	0.194034	
4.790000	-18.019514	-9.350905	24.696999	0.000000	0.000000	2.000000	0.109174	-0.084758	0.188539	
4.800000	-18.096668	-8.922851	24.034508	0.000000	0.000000	2.000000	0.110078	-0.080742	0.183466	
4.810000	-18.175283	-8.515278	23.395756	0.000000	0.000000	2.000000	0.110981	-0.076937	0.178605	
4.820000	-18.258965	-8.094080	22.812210	0.000000	0.000000	2.000000	0.111885	-0.073133	0.174166	
4.830000	-18.379972	-7.713945	22.305525	0.000000	0.000000	2.000000	0.112970	-0.069751	0.170361	
4.840000	-18.444824	-7.297345	21.834394	0.000000	0.000000	2.000000	0.113693	-0.066158	0.166768	
4.850000	-18.515419	-6.869241	21.419058	0.000000	0.000000	2.000000	0.114416	-0.062564	0.163598	
4.860000	-18.594631	-6.513888	21.083338	0.000000	0.000000	2.000000	0.115139	-0.059605	0.161061	
4.870000	-18.673403	-6.128095	20.747889	0.000000	0.000000	2.000000	0.115862	-0.056435	0.158525	
4.880000	-18.722212	-5.800306	20.411127	0.000000	0.000000	2.000000	0.116404	-0.053687	0.155988	
4.890000	-18.741642	-5.471573	20.076565	0.000000	0.000000	2.000000	0.116765	-0.050939	0.153452	
4.900000	-18.763771	-5.196443	19.766983	0.000000	0.000000	2.000000	0.117127	-0.048614	0.151127	
4.910000	-18.760227	-4.916148	19.488935	0.000000	0.000000	2.000000	0.117308	-0.046289	0.149013	
4.920000	-18.759604	-4.689875	19.236473	0.000000	0.000000	2.000000	0.117488	-0.044387	0.147111	
4.930000	-18.737133	-4.425019	19.046101	0.000000	0.000000	2.000000	0.117488	-0.042273	0.145631	
4.940000	-18.711020	-4.193577	18.824862	0.000000	0.000000	2.000000	0.117488	-0.040371	0.143940	
4.950000	-18.652939	-3.936397	18.578537	0.000000	0.000000	2.000000	0.117308	-0.038257	0.142038	
4.960000	-18.588032	-3.686929	18.273426	0.000000	0.000000	2.000000	0.117127	-0.036144	0.139713	
4.970000	-18.494652	-3.436690	17.970921	0.000000	0.000000	2.000000	0.116765	-0.034030	0.137388	
4.980000	-18.429743	-3.215195	17.663378	0.000000	0.000000	2.000000	0.116585	-0.032128	0.135063	
4.990000	-18.361372	-3.026354	17.325253	0.000000	0.000000	2.000000	0.116404	-0.030437	0.132527	
5.000000	-18.324884	-2.803264	17.013206	0.000000	0.000000	2.000000	0.116404	-0.028534	0.130202	
5.010000	-18.344761	-2.176769	18.172592	0.000000	0.000000	5.000000	0.115681	-0.025153	0.138445	
5.020000	-19.311474	-1.755726	19.944595	0.000000	0.000000	5.000000	0.120381	-0.024096	0.151972	
5.030000	-20.508678	-1.708056	21.757774	0.000000	0.000000	5.000000	0.126345	-0.025998	0.166134	
5.040000	-21.456297	-1.945788	23.321583	0.000000	0.000000	5.000000	0.130864	-0.029803	0.178393	
5.050000	-22.137091	-2.223978	24.590506	0.000000	0.000000	5.000000	0.133937	-0.033607	0.188327	
5.060000	-22.607634	-2.559190	25.821388	0.000000	0.000000	5.000000	0.135744	-0.037835	0.197839	
5.070000	-22.993896	-2.953820	26.852875	0.000000	0.000000	5.000000	0.137190	-0.042273	0.205871	
5.080000	-23.180445	-3.459261	27.757244	0.000000	0.000000	5.000000	0.137552	-0.047346	0.212846	
5.090000	-23.260088	-3.954108	28.556503	0.000000	0.000000	5.000000	0.137371	-0.052207	0.218976	
5.100000	-23.238630	-4.545266	29.301968	0.000000	0.000000	5.000000	0.136648	-0.057703	0.224682	
5.110000	-23.145504	-5.233624	29.988150	0.000000	0.000000	5.000000	0.135564	-0.063833	0.229967	
5.120000	-23.042395	-5.931602	30.611343	0.000000	0.000000	5.000000	0.134479	-0.069962	0.234828	
5.130000	-22.883703	-6.638511	31.064322	0.000000	0.000000	5.000000	0.133214	-0.075881	0.238421	
5.140000	-22.678135	-7.283264	31.409475	0.000000	0.000000	5.000000	0.131768	-0.081165	0.241169	
5.150000	-22.350399	-7.807016	31.550154	0.000000	0.000000	5.000000	0.129780	-0.085181	0.242226	
5.160000	-21.998657	-8.174180	31.507042	0.000000	0.000000	5.000000	0.127791	-0.087717	0.241803	
5.170000	-21.572819	-8.392971	31.372063	0.000000	0.000000	5.000000	0.125442	-0.088985	0.240535	
5.180000	-21.279354	-8.509290	31.285246	0.000000	0.000000	5.000000	0.123815	-0.089619	0.239689	
5.190000	-21.089746	-8.575114	31.274496	0.000000	0.000000	5.000000	0.122730	-0.090042	0.239478	
5.200000	-21.031439	-8.568108	31.310579	0.000000	0.000000	5.000000	0.122369	-0.090042	0.239689	
5.210000	-21.073515	-8.488233	31.397432	0.000000	0.000000	5.000000	0.122550	-0.089619	0.240324	
5.220000	-21.150719	-8.342429	31.514084	0.000000	0.000000	5.000000	0.122911	-0.088774	0.241169	
5.230000	-21.228312	-8.167107	31.633150	0.000000	0.000000	5.000000	0.123273	-0.087717	0.242014	
5.240000	-21.340187	-8.013987	31.774054	0.000000	0.000000	5.000000	0.123815	-0.086872	0.243071	
5.250000	-21.448648	-7.867839	31.886318	0.000000	0.000000	5.000000	0.124357	-0.086026	0.243917	
5.260000	-21.525875	-7.751008	31.999790	0.000000	0.000000	5.000000	0.124719	-0.085392	0.244762	
5.270000	-21.575689	-7.626893	32.145470	0.000000	0.000000	5.000000	0.124899	-0.084758	0.245819	
5.280000	-21.659277	-7.583670	32.308128	0.000000	0.000000	5.000000	0.125261	-0.084758	0.247087	
5.290000	-21.726179	-7.511147	32.588196	0.000000	0.000000	5.000000	0.125442	-0.084758	0.249201	
5.300000	-21.799702	-7.482165	32.919865	0.000000	0.000000	5.000000	0.125622	-0.085181	0.251737	
5.310000	-21.873314	-7.452311	33.251266	0.000000	0.000000	5.000000	0.125803	-0.085603	0.254274	
5.320000	-21.950285	-7.443500	33.608212	0.000000	0.000000	5.000000	0.125984	-0.086237	0.257021	
5.330000	-21.960661	-7.470661	33.941910	0.000000	0.000000	5.000000	0.125803	-0.087083	0.259558	
5.340000	-22.001995	-7.526359	34.268738	0.000000	0.000000	5.000000	0.125803	-0.088140	0.262094	
5.350000	-22.008204	-7.588895	34.570885	0.000000	0.000000	5.000000	0.125622	-0.089197	0.264419	
5.360000	-22.014261	-7.650688	34.872692	0.000000	0.000000	5.000000	0.125442	-0.090253	0.266744	
5.370000	-22.016947	-7.690180	35.148579	0.000000	0.000000	5.000000	0.125261	-0.091099	0.268858	
5.380000	-22.047598	-7.736962	35.391998	0.000000	0.000000	5.000000	0.125261	-0.091944	0.270760	
5.390000	-22.046869	-7.753847	35.641884	0.000000	0.000000	5.000000	0.125080	-0.092578	0.272663	
5.400000	-22.074560	-7.748842	35.862122	0.000000	0.000000	5.000000	0.125080	-0.093001	0.274354	
5.410000	-22.098690	-7.751496	36.054035	0.000000	0.000000	5.000000	0.125080	-0.093424	0.275833	
5.420000	-22.116066	-7.740610	36.192226	0.000000	0.000000	5.000000	0.125080	-0.093635	0.276890	
5.430000	-22.126696	-7.716367	36.276764	0.000000	0.000000	5.000000	0.125080	-0.093635	0.277524	
5.440000	-22.134125	-7.670777	36.335850	0.000000	0.000000	5.000000	0.125080	-0.093424	0.277947	
5.450000	-22.173382	-7.625162	36.390915	0.000000	0.000000	5.000000	0.125261	-0.093213	0.278369	
5.460000	-22.181160	-7.550121	36.452690	0.000000	0.000000	5.000000	0.125261	-0.092790	0.278792	
5.470000	-22.216894	-7.512591	36.479553	0.000000	0.000000	5.000000	0.125442	-0.092578	0.279004	
5.480000	-22.220785	-7.475054	36.510422	0.000000	0.000000	5.000000	0.125442	-0.092367	0.279215	
5.490000	-22.192822	-7.437511	36.545296	0.000000	0.000000	5.000000	0.125261	-0.092156	0.279426	
5.500000	-22.164505	-7.429364	36.577465	0.000000	0.000000	5.000000	0.125080	-0.092156	0.279638	
5.510000	-22.132643	-7.429364	36.581467	0.000000	0.000000	5.000000	0.124899	-0.092156	0.279638	
5.520000	-22.100779	-7.429364	36.585464	0.000000	0.000000	5.000000	0.124719	-0.092156	0.279638	
5.530000	-22.037050	-7.429364	36.593445	0.000000	0.000000	5.000000	0.124357	-0.092156	0.279638	
5.540000	-22.037050	-7.429364	36.593445	0.000000	0.000000	5.000000	0.124357	-0.092156	0.279638	
5.550000	-22.011877	-7.442455	36.651047	0.000000	0.000000	5.000000	0.124176	-0.092367	0.280060	
5.560000	-22.025597	-7.439161	36.760963	0.000000	0.000000	5.000000	0.124176	-0.092578	0.280906	
5.570000	-22.068048	-7.414576	36.841423	0.000000	0.000000	5.000000	0.124357	-0.092578	0.281540	
5.580000	-22.074745	-7.427557	36.895000	0.000000	0.000000	5.000000	0.124357	-0.092790	0.281963	
5.590000	-22.077923	-7.448739	36.920425	0.000000	0.000000	5.000000	0.124357	-0.093001	0.282174	
5.600000	-22.074064	-7.486358	36.889561	0.000000	0.000000	5.000000	0.124357	-0.093213	0.281963	
5.610000	-22.037951	-7.553369	36.859936	0.000000	0.000000	5.000000	0.124176	-0.093635	0.281751	
5.620000	-22.037607	-7.582767	36.857193	0.000000	0.000000	5.000000	0.124176	-0.093847	0.281751	
5.630000	-22.069178	-7.612165	36.850460	0.000000	0.000000	5.000000	0.124357	-0.094058	0.281751	
5.640000	-22.107443	-7.654527	36.897236	0.000000	0.000000	5.000000	0.124538	-0.094481	0.282174	
5.650000	-22.184368	-7.709777	36.993454	0.000000	0.000000	5.000000	0.124899	-0.095115	0.283020	
5.660000	-22.232935	-7.756654	37.121704	0.000000	0.000000	5.000000	0.125080	-0.095749	0.284076	
5.670000	-22.320255	-7.816142	37.299213	0.000000	0.000000	5.000000	0.125442	-0.096594	0.285556	
5.680000	-22.414066	-7.917370	37.526974	0.000000	0.000000	5.000000	0.125803	-0.097863	0.287458	
5.690000	-22.469177	-8.005548	37.705132	0.000000	0.000000	5.000000	0.125984	-0.098919	0.288938	
5.700000	-22.453026	-8.110315	37.835026	0.000000	0.000000	5.000000	0.125803	-0.099976	0.289995	
5.710000	-22.426542	-8.210934	37.883476	0.000000	0.000000	5.000000	0.125622	-0.100822	0.290417	
5.720000	-22.364761	-8.290606	37.910767	0.000000	0.000000	5.000000	0.125261	-0.101456	0.290629	
5.730000	-22.271221	-8.340893	37.944988	0.000000	0.000000	5.000000	0.124719	-0.101879	0.290840	
5.740000	-22.241503	-8.420544	37.968113	0.000000	0.000000	5.000000	0.124538	-0.102513	0.291051	
5.750000	-22.212145	-8.470812	37.994186	0.000000	0.000000	5.000000	0.124357	-0.102935	0.291263	
5.760000	-22.257561	-8.495588	38.096382	0.000000	0.000000	5.000000	0.124538	-0.103358	0.292108	
5.770000	-22.271608	-8.461528	38.208603	0.000000	0.000000	5.000000	0.124538	-0.103358	0.292954	
5.780000	-22.314314	-8.435920	38.288715	0.000000	0.000000	5.000000	0.124719	-0.103358	0.293588	
5.790000	-22.324862	-8.410258	38.372841	0.000000	0.000000	5.000000	0.124719	-0.103358	0.294222	
5.800000	-22.299694	-8.393120	38.432949	0.000000	0.000000	5.000000	0.124538	-0.103358	0.294645	
5.810000	-22.239172	-8.355171	38.472057	0.000000	0.000000	5.000000	0.124176	-0.103147	0.294856	
5.820000	-22.206968	-8.355171	38.476074	0.000000	0.000000	5.000000	0.123996	-0.103147	0.294856	
5.830000	-22.171272	-8.363750	38.452045	0.000000	0.000000	5.000000	0.123815	-0.103147	0.294645	
5.840000	-22.142555	-8.355171	38.484089	0.000000	0.000000	5.000000	0.123634	-0.103147	0.294856	
5.850000	-22.110722	-8.325800	38.491104	0.000000	0.000000	5.000000	0.123453	-0.102935	0.294856	
5.860000	-22.118052	-8.279255	38.550186	0.000000	0.000000	5.000000	0.123453	-0.102724	0.295279	
5.870000	-22.125753	-8.203312	38.612247	0.000000	0.000000	5.000000	0.123453	-0.102301	0.295702	
5.880000	-22.165321	-8.156716	38.667294	0.000000	0.000000	5.000000	0.123634	-0.102090	0.296124	
5.890000	-22.169544	-8.089347	38.701283	0.000000	0.000000	5.000000	0.123634	-0.101667	0.296336	
5.900000	-22.176878	-8.042714	38.760300	0.000000	0.000000	5.000000	0.123634	-0.101456	0.296758	
5.910000	-22.216108	-8.025433	38.812325	0.000000	0.000000	5.000000	0.123815	-0.101456	0.297181	
5.920000	-22.216478	-7.996057	38.815289	0.000000	0.000000	5.000000	0.123815	-0.101244	0.297181	
5.930000	-22.216478	-7.996057	38.815289	0.000000	0.000000	5.000000	0.123815	-0.101244	0.297181	
5.940000	-22.219965	-7.987407	38.843307	0.000000	0.000000	5.000000	0.123815	-0.101244	0.297392	
5.950000	-22.219965	-7.987407	38.843307	0.000000	0.000000	5.000000	0.123815	-0.101244	0.297392	
5.960000	-22.219965	-7.987407	38.843307	0.000000	0.000000	5.000000	0.123815	-0.101244	0.297392	
5.970000	-22.216478	-7.996057	38.815289	0.000000	0.000000	5.000000	0.123815	-0.101244	0.297181	
5.980000	-22.216478	-7.996057	38.815289	0.000000	0.000000	5.000000	0.123815	-0.101244	0.297181	
5.990000	-22.216478	-7.996057	38.815289	0.000000	0.000000	5.000000	0.123815	-0.101244	0.297181	
6.000000	-22.219597	-8.016784	38.840343	0.000000	0.000000	5.000000	0.123815	-0.101456	0.297392	
6.010000	-22.345699	-8.706239	37.759388	0.000000	0.000000	2.000000	0.125261	-0.104204	0.289783	
6.020000	-21.556349	-8.785324	36.103279	0.000000	0.000000	2.000000	0.122007	-0.101033	0.276467	
6.030000	-20.688343	-8.627032	34.495289	0.000000	0.000000	2.000000	0.118212	-0.096383	0.263362	
6.040000	-20.130320	-8.291028	32.994343	0.000000	0.000000	2.000000	0.116042	-0.090888	0.251315	
6.050000	-19.726694	-7.996500	31.686300	0.000000	0.000000	2.000000	0.114596	-0.086237	0.240958	
6.060000	-19.524508	-7.571825	30.471222	0.000000	0.000000	2.000000	0.114235	-0.080953	0.231446	
6.070000	-19.443377	-7.105233	29.494036	0.000000	0.000000	2.000000	0.114416	-0.075881	0.223837	
6.080000	-19.533470	-6.562907	28.667910	0.000000	0.000000	2.000000	0.115500	-0.070596	0.217496	
6.090000	-19.651932	-5.955891	27.836987	0.000000	0.000000	2.000000	0.116765	-0.064889	0.211155	
6.100000	-19.802008	-5.219171	27.032377	0.000000	0.000000	2.000000	0.118212	-0.058337	0.205025	
6.110000	-19.985683	-4.494770	26.273024	0.000000	0.000000	2.000000	0.119838	-0.051996	0.199318	
6.120000	-20.196341	-3.706622	25.506069	0.000000	0.000000	2.000000	0.121646	-0.045232	0.193612	
6.130000	-20.447142	-2.950620	24.840874	0.000000	0.000000	2.000000	0.123634	-0.038891	0.188750	
6.140000	-20.723974	-2.250181	24.163492	0.000000	0.000000	2.000000	0.125803	-0.032973	0.183889	
6.150000	-20.978672	-1.589566	23.568884	0.000000	0.000000	2.000000	0.127791	-0.027478	0.179661	
6.160000	-21.208340	-1.004621	23.028824	0.000000	0.000000	2.000000	0.129599	-0.022616	0.175857	
6.170000	-21.479944	-0.515432	22.594194	0.000000	0.000000	2.000000	0.131587	-0.018600	0.172898	
6.180000	-21.706350	-0.093545	22.278603	0.000000	0.000000	2.000000	0.133214	-0.015218	0.170784	
6.190000	-21.950926	0.235740	22.103790	0.000000	0.000000	2.000000	0.134841	-0.012682	0.169727	
6.200000	-22.177389	0.491509	22.017300	0.000000	0.000000	2.000000	0.136287	-0.010780	0.169304	
6.210000	-22.386143	0.614593	22.019152	0.000000	0.000000	2.000000	0.137552	-0.009934	0.169516	
6.220000	-22.540401	0.683621	22.057074	0.000000	0.000000	2.000000	0.138456	-0.009511	0.169939	
6.230000	-22.661461	0.747671	22.070099	0.000000	0.000000	2.000000	0.139179	-0.009089	0.170150	
6.240000	-22.724024	0.782201	22.090977	0.000000	0.000000	2.000000	0.139540	-0.008877	0.170361	
6.250000	-22.728071	0.787210	22.119793	0.000000	0.000000	2.000000	0.139540	-0.008877	0.170573	
6.260000	-22.728071	0.787210	22.119793	0.000000	0.000000	2.000000	0.139540	-0.008877	0.170573	
6.270000	-22.698822	0.787210	22.123899	0.000000	0.000000	2.000000	0.139359	-0.008877	0.170573	
6.280000	-22.669573	0.787210	22.127998	0.000000	0.000000	2.000000	0.139179	-0.008877	0.170573	
6.290000	-22.669573	0.787210	22.127998	0.000000	0.000000	2.000000	0.139179	-0.008877	0.170573	
6.300000	-22.640322	0.787210	22.132093	0.000000	0.000000	2.000000	0.138998	-0.008877	0.170573	
6.310000	-22.640322	0.787210	22.132093	0.000000	0.000000	2.000000	0.138998	-0.008877	0.170573	
6.320000	-22.640322	0.787210	22.132093	0.000000	0.000000	2.000000	0.138998	-0.008877	0.170573	
6.330000	-22.640356	0.816737	22.132351	0.000000	0.000000	2.000000	0.138998	-0.008666	0.170573	
6.340000	-22.636326	0.811728	22.103531	0.000000	0.000000	2.000000	0.138998	-0.008666	0.170361	
6.350000	-22.665606	0.841255	22.099688	0.000000	0.000000	2.000000	0.139179	-0.008455	0.170361	
6.360000	-22.661636	0.895305	22.071350	0.000000	0.000000	2.000000	0.139179	-0.008032	0.170150	
6.370000	-22.690971	0.983886	22.067928	0.000000	0.000000	2.000000	0.139359	-0.007398	0.170150	
6.380000	-22.687044	1.096998	22.039925	0.000000	0.000000	2.000000	0.139359	-0.006552	0.169939	
6.390000	-22.704258	1.229681	21.950237	0.000000	0.000000	2.000000	0.139540	-0.005496	0.169304	
6.400000	-22.696262	1.367380	21.893316	0.000000	0.000000	2.000000	0.139540	-0.004439	0.168882	
6.410000	-22.680147	1.495216	21.778580	0.000000	0.000000	2.000000	0.139540	-0.003382	0.168036	
6.420000	-22.663998	1.593622	21.663603	0.000000	0.000000	2.000000	0.139540	-0.002536	0.167191	
6.430000	-22.647833	1.692127	21.548508	0.000000	0.000000	2.000000	0.139540	-0.001691	0.166345	
6.440000	-22.635698	1.766071	21.462112	0.000000	0.000000	2.000000	0.139540	-0.001057	0.165711	
6.450000	-22.627605	1.844925	21.404495	0.000000	0.000000	2.000000	0.139540	-0.000423	0.165288	
6.460000	-22.627607	1.903981	21.404507	0.000000	0.000000	2.000000	0.139540	0.000000	0.165288	
6.470000	-22.627604	1.992565	21.404480	0.000000	0.000000	2.000000	0.139540	0.000634	0.165288	
6.480000	-22.631647	2.056482	21.433271	0.000000	0.000000	2.000000	0.139540	0.001057	0.165500	
6.490000	-22.631630	2.145066	21.433151	0.000000	0.000000	2.000000	0.139540	0.001691	0.165500	
6.500000	-22.602480	2.233649	21.437063	0.000000	0.000000	2.000000	0.139359	0.002325	0.165500	
6.510000	-22.569269	2.346899	21.411982	0.000000	0.000000	2.000000	0.139179	0.003170	0.165288	
6.520000	-22.540089	2.465009	21.415638	0.000000	0.000000	2.000000	0.138998	0.004016	0.165288	
6.530000	-22.535999	2.548737	21.386412	0.000000	0.000000	2.000000	0.138998	0.004650	0.165077	
6.540000	-22.535938	2.637319	21.385977	0.000000	0.000000	2.000000	0.138998	0.005284	0.165077	
6.550000	-22.556904	2.716209	21.323717	0.000000	0.000000	2.000000	0.139179	0.005918	0.164654	
6.560000	-22.548719	2.824651	21.265280	0.000000	0.000000	2.000000	0.139179	0.006764	0.164232	
6.570000	-22.540487	2.962643	21.206514	0.000000	0.000000	2.000000	0.139179	0.007821	0.163809	
6.580000	-22.532196	3.130186	21.147327	0.000000	0.000000	2.000000	0.139179	0.009089	0.163386	
6.590000	-22.519831	3.292964	21.059057	0.000000	0.000000	2.000000	0.139179	0.010357	0.162752	
6.600000	-22.507385	3.485320	20.970215	0.000000	0.000000	2.000000	0.139179	0.011837	0.162118	
6.610000	-22.461832	3.672984	20.856258	0.000000	0.000000	2.000000	0.138998	0.013316	0.161273	
6.620000	-22.437199	3.851321	20.680182	0.000000	0.000000	2.000000	0.138998	0.014796	0.160004	
6.630000	-22.379526	4.025211	20.478939	0.000000	0.000000	2.000000	0.138817	0.016275	0.158525	
6.640000	-22.346685	4.224306	20.243885	0.000000	0.000000	2.000000	0.138817	0.017966	0.156834	
6.650000	-22.313780	4.423789	20.008375	0.000000	0.000000	2.000000	0.138817	0.019657	0.155143	
6.660000	-22.313593	4.657695	19.796650	0.000000	0.000000	2.000000	0.138998	0.021559	0.153663	
6.670000	-22.313251	4.891893	19.584381	0.000000	0.000000	2.000000	0.139179	0.023462	0.152184	
6.680000	-22.312653	5.155900	19.370829	0.000000	0.000000	2.000000	0.139359	0.025575	0.150704	
6.690000	-22.287340	5.395070	19.190371	0.000000	0.000000	2.000000	0.139359	0.027478	0.149436	
6.700000	-22.257774	5.659606	18.979595	0.000000	0.000000	2.000000	0.139359	0.029591	0.147956	
6.710000	-22.228247	5.894914	18.769081	0.000000	0.000000	2.000000	0.139359	0.031494	0.146477	
6.720000	-22.198641	6.130508	18.558023	0.000000	0.000000	2.000000	0.139359	0.033396	0.144997	
6.730000	-22.177366	6.315828	18.406353	0.000000	0.000000	2.000000	0.139359	0.034875	0.143940	
6.740000	-22.164314	6.480205	18.313301	0.000000	0.000000	2.000000	0.139359	0.036144	0.143306	
6.750000	-22.183840	6.648830	18.244959	0.000000	0.000000	2.000000	0.139540	0.037412	0.142884	
6.760000	-22.174772	6.817472	18.180397	0.000000	0.000000	2.000000	0.139540	0.038680	0.142461	
6.770000	-22.165836	6.956626	18.116776	0.000000	0.000000	2.000000	0.139540	0.039737	0.142038	
6.780000	-22.189463	7.099969	18.077934	0.000000	0.000000	2.000000	0.139721	0.040794	0.141827	
6.790000	-22.156200	7.213809	18.048176	0.000000	0.000000	2.000000	0.139540	0.041639	0.141615	
6.800000	-22.151619	7.298151	18.015547	0.000000	0.000000	2.000000	0.139540	0.042273	0.141404	
6.810000	-22.151270	7.357153	18.013063	0.000000	0.000000	2.000000	0.139540	0.042696	0.141404	
6.820000	-22.155334	7.361318	18.042013	0.000000	0.000000	2.000000	0.139540	0.042696	0.141615	
6.830000	-22.155334	7.361318	18.042013	0.000000	0.000000	2.000000	0.139540	0.042696	0.141615	
6.840000	-22.155334	7.361318	18.042013	0.000000	0.000000	2.000000	0.139540	0.042696	0.141615	
6.850000	-22.159225	7.394989	18.069710	0.000000	0.000000	2.000000	0.139540	0.042907	0.141827	
6.860000	-22.159048	7.424489	18.068451	0.000000	0.000000	2.000000	0.139540	0.043119	0.141827	
6.870000	-22.162937	7.458167	18.096134	0.000000	0.000000	2.000000	0.139540	0.043330	0.142038	
6.880000	-22.162758	7.487667	18.094866	0.000000	0.000000	2.000000	0.139540	0.043541	0.142038	
6.890000	-22.158514	7.512990	18.064642	0.000000	0.000000	2.000000	0.139540	0.043753	0.141827	
6.900000	-22.158333	7.542489	18.063360	0.000000	0.000000	2.000000	0.139540	0.043964	0.141827	
6.910000	-22.158333	7.542489	18.063360	0.000000	0.000000	2.000000	0.139540	0.043964	0.141827	
6.920000	-22.158333	7.542489	18.063360	0.000000	0.000000	2.000000	0.139540	0.043964	0.141827	
6.930000	-22.150202	7.534154	18.005465	0.000000	0.000000	2.000000	0.139540	0.043964	0.141404	
6.940000	-22.141890	7.555343	17.946276	0.000000	0.000000	2.000000	0.139540	0.044176	0.140981	
6.950000	-22.125441	7.568295	17.829172	0.000000	0.000000	2.000000	0.139540	0.044387	0.140136	
6.960000	-22.052084	7.581345	17.720030	0.000000	0.000000	2.000000	0.139179	0.044598	0.139290	
6.970000	-22.003004	7.619920	17.576584	0.000000	0.000000	2.000000	0.138998	0.045021	0.138234	
6.980000	-21.921526	7.654614	17.408073	0.000000	0.000000	2.000000	0.138636	0.045444	0.136965	
6.990000	-21.840166	7.689530	17.239470	0.000000	0.000000	2.000000	0.138275	0.045867	0.135697	
7.000000	-21.751062	7.687268	17.014154	0.000000	0.000000	2.000000	0.137913	0.046078	0.134006	
7.010000	-21.710459	7.703098	17.137949	0.000000	0.000000	5.000000	0.137552	0.046078	0.134852	
7.020000	-22.191809	8.025624	19.135376	0.000000	0.000000	5.000000	0.138817	0.046289	0.149647	
7.030000	-23.417770	8.309049	21.321020	0.000000	0.000000	5.000000	0.144420	0.045655	0.166557	
7.040000	-24.590887	7.859630	23.180889	0.000000	0.000000	5.000000	0.149843	0.039948	0.180930	
7.050000	-25.474976	7.475624	24.804115	0.000000	0.000000	5.000000	0.153639	0.034875	0.193400	
7.060000	-26.110857	7.046785	26.134357	0.000000	0.000000	5.000000	0.156169	0.029803	0.203546	
7.070000	-26.530067	6.693885	27.225449	0.000000	0.000000	5.000000	0.157615	0.025575	0.211789	
7.080000	-26.663757	6.227017	28.066610	0.000000	0.000000	5.000000	0.157615	0.020925	0.217919	
7.090000	-26.655960	5.634365	28.606241	0.000000	0.000000	5.000000	0.157073	0.015852	0.221723	
7.100000	-26.507244	4.869633	29.048903	0.000000	0.000000	5.000000	0.155808	0.009723	0.224682	
7.110000	-26.343361	3.997496	29.401012	0.000000	0.000000	5.000000	0.154543	0.002959	0.227007	
7.120000	-26.151367	3.103263	29.779524	0.000000	0.000000	5.000000	0.153097	-0.004016	0.229544	
7.130000	-25.992371	2.246254	30.174942	0.000000	0.000000	5.000000	0.151831	-0.010780	0.232292	
7.140000	-25.805176	1.485790	30.598236	0.000000	0.000000	5.000000	0.150385	-0.016909	0.235251	
7.150000	-25.608061	0.889804	30.963039	0.000000	0.000000	5.000000	0.148939	-0.021771	0.237787	
7.160000	-25.335665	0.450813	31.252769	0.000000	0.000000	5.000000	0.147132	-0.025364	0.239689	
7.170000	-25.041988	0.154209	31.403275	0.000000	0.000000	5.000000	0.145324	-0.027689	0.240535	
7.180000	-24.696806	-0.059434	31.418528	0.000000	0.000000	5.000000	0.143336	-0.029169	0.240324	
7.190000	-24.406006	-0.139521	31.371578	0.000000	0.000000	5.000000	0.141709	-0.029591	0.239689	
7.200000	-24.216196	-0.205557	31.367802	0.000000	0.000000	5.000000	0.140625	-0.030014	0.239478	
7.210000	-24.057587	-0.212558	31.361212	0.000000	0.000000	5.000000	0.139721	-0.030014	0.239267	
7.220000	-23.934025	-0.183044	31.379435	0.000000	0.000000	5.000000	0.138998	-0.029803	0.239267	
7.230000	-23.849291	-0.139521	31.450077	0.000000	0.000000	5.000000	0.138456	-0.029591	0.239689	
7.240000	-23.791605	-0.073478	31.488815	0.000000	0.000000	5.000000	0.138094	-0.029169	0.239901	
7.250000	-23.733774	-0.036943	31.526665	0.000000	0.000000	5.000000	0.137733	-0.028957	0.240112	
7.260000	-23.710922	0.036144	31.589451	0.000000	0.000000	5.000000	0.137552	-0.028534	0.240535	
7.270000	-23.714970	0.072697	31.618689	0.000000	0.000000	5.000000	0.137552	-0.028323	0.240746	
7.280000	-23.722948	0.116306	31.676321	0.000000	0.000000	5.000000	0.137552	-0.028112	0.241169	
7.290000	-23.731037	0.189456	31.734755	0.000000	0.000000	5.000000	0.137552	-0.027689	0.241592	
7.300000	-23.774054	0.269710	31.817261	0.000000	0.000000	5.000000	0.137733	-0.027266	0.242226	
7.310000	-23.852058	0.357123	31.923798	0.000000	0.000000	5.000000	0.138094	-0.026844	0.243071	
7.320000	-23.933983	0.422251	32.057854	0.000000	0.000000	5.000000	0.138456	-0.026632	0.244128	
7.330000	-24.012146	0.509883	32.164230	0.000000	0.000000	5.000000	0.138817	-0.026209	0.244974	
7.340000	-24.090275	0.568095	32.269768	0.000000	0.000000	5.000000	0.139179	-0.025998	0.245819	
7.350000	-24.129421	0.611997	32.322891	0.000000	0.000000	5.000000	0.139359	-0.025787	0.246242	
7.360000	-24.137587	0.685441	32.381100	0.000000	0.000000	5.000000	0.139359	-0.025364	0.246665	
7.370000	-24.137690	0.714959	32.381840	0.000000	0.000000	5.000000	0.139359	-0.025153	0.246665	
7.380000	-24.145645	0.729391	32.438549	0.000000	0.000000	5.000000	0.139359	-0.025153	0.247087	
7.390000	-24.122576	0.773366	32.500351	0.000000	0.000000	5.000000	0.139179	-0.024941	0.247510	
7.400000	-24.134693	0.854133	32.586842	0.000000	0.000000	5.000000	0.139179	-0.024518	0.248144	
7.410000	-24.146902	0.964474	32.674000	0.000000	0.000000	5.000000	0.139179	-0.023884	0.248778	
7.420000	-24.159101	1.074872	32.761086	0.000000	0.000000	5.000000	0.139179	-0.023250	0.249412	
7.430000	-24.140102	1.185325	32.852467	0.000000	0.000000	5.000000	0.138998	-0.022616	0.250046	
7.440000	-24.148304	1.288512	32.911087	0.000000	0.000000	5.000000	0.138998	-0.021982	0.250469	
7.450000	-24.125196	1.362203	32.973385	0.000000	0.000000	5.000000	0.138817	-0.021559	0.250892	
7.460000	-24.101978	1.406398	33.035023	0.000000	0.000000	5.000000	0.138636	-0.021348	0.251315	
7.470000	-24.074875	1.472786	33.068939	0.000000	0.000000	5.000000	0.138456	-0.020925	0.251526	
7.480000	-24.047672	1.509660	33.102222	0.000000	0.000000	5.000000	0.138275	-0.020714	0.251737	
7.490000	-24.051615	1.517018	33.130547	0.000000	0.000000	5.000000	0.138275	-0.020714	0.251949	
7.500000	-24.024395	1.553903	33.163815	0.000000	0.000000	5.000000	0.138094	-0.020503	0.252160	
7.510000	-23.993233	1.583425	33.168751	0.000000	0.000000	5.000000	0.137913	-0.020291	0.252160	
7.520000	-23.965992	1.620317	33.202000	0.000000	0.000000	5.000000	0.137733	-0.020080	0.252371	
7.530000	-23.938742	1.657215	33.235233	0.000000	0.000000	5.000000	0.137552	-0.019868	0.252583	
7.540000	-23.911478	1.694120	33.268456	0.000000	0.000000	5.000000	0.137371	-0.019657	0.252794	
7.550000	-23.919386	1.738424	33.325665	0.000000	0.000000	5.000000	0.137371	-0.019446	0.253217	
7.560000	-23.892099	1.775347	33.358868	0.000000	0.000000	5.000000	0.137190	-0.019234	0.253428	
7.570000	-23.892099	1.775347	33.358868	0.000000	0.000000	5.000000	0.137190	-0.019234	0.253428	
7.580000	-23.860817	1.775347	33.363186	0.000000	0.000000	5.000000	0.137010	-0.019234	0.253428	
7.590000	-23.856915	1.767947	33.334866	0.000000	0.000000	5.000000	0.137010	-0.019234	0.253217	
7.600000	-23.825560	1.738424	33.338612	0.000000	0.000000	5.000000	0.136829	-0.019446	0.253217	
7.610000	-23.825560	1.738424	33.338612	0.000000	0.000000	5.000000	0.136829	-0.019446	0.253217	
7.620000	-23.856836	1.738424	33.334301	0.000000	0.000000	5.000000	0.137010	-0.019446	0.253217	
7.630000	-23.892021	1.745825	33.358303	0.000000	0.000000	5.000000	0.137190	-0.019446	0.253428	
7.640000	-23.923302	1.745825	33.353981	0.000000	0.000000	5.000000	0.137371	-0.019446	0.253428	
7.650000	-23.927294	1.782753	33.382862	0.000000	0.000000	5.000000	0.137371	-0.019234	0.253640	
7.660000	-23.931208	1.790166	33.411175	0.000000	0.000000	5.000000	0.137371	-0.019234	0.253851	
7.670000	-23.935043	1.768062	33.438919	0.000000	0.000000	5.000000	0.137371	-0.019446	0.254062	
7.680000	-23.938957	1.775486	33.467232	0.000000	0.000000	5.000000	0.137371	-0.019446	0.254274	
7.690000	-23.938957	1.775486	33.467232	0.000000	0.000000	5.000000	0.137371	-0.019446	0.254274	
7.700000	-23.946783	1.790354	33.523846	0.000000	0.000000	5.000000	0.137371	-0.019446	0.254696	
7.710000	-23.950697	1.797796	33.552151	0.000000	0.000000	5.000000	0.137371	-0.019446	0.254908	
7.720000	-23.986008	1.834767	33.576687	0.000000	0.000000	5.000000	0.137552	-0.019234	0.255119	
7.730000	-24.025173	1.849683	33.628948	0.000000	0.000000	5.000000	0.137733	-0.019234	0.255542	
7.740000	-24.068283	1.872101	33.709492	0.000000	0.000000	5.000000	0.137913	-0.019234	0.256176	
7.750000	-24.142780	1.894574	33.785645	0.000000	0.000000	5.000000	0.138275	-0.019234	0.256810	
7.760000	-24.150654	1.909586	33.842216	0.000000	0.000000	5.000000	0.138275	-0.019234	0.257233	
7.770000	-24.186039	1.946623	33.866692	0.000000	0.000000	5.000000	0.138456	-0.019023	0.257444	
7.780000	-24.186039	1.946623	33.866692	0.000000	0.000000	5.000000	0.138456	-0.019023	0.257444	
7.790000	-24.158680	1.983667	33.899895	0.000000	0.000000	5.000000	0.138275	-0.018812	0.257656	
7.800000	-24.158680	1.983667	33.899895	0.000000	0.000000	5.000000	0.138275	-0.018812	0.257656	
7.810000	-24.131308	2.020717	33.933086	0.000000	0.000000	5.000000	0.138094	-0.018600	0.257867	
7.820000	-24.135387	2.087296	33.962440	0.000000	0.000000	5.000000	0.138094	-0.018178	0.258078	
7.830000	-24.139317	2.094835	33.990719	0.000000	0.000000	5.000000	0.138094	-0.018178	0.258290	
7.840000	-24.143320	2.131903	34.019524	0.000000	0.000000	5.000000	0.138094	-0.017966	0.258501	
7.850000	-24.147322	2.168978	34.048317	0.000000	0.000000	5.000000	0.138094	-0.017755	0.258712	
7.860000	-24.151323	2.206059	34.077106	0.000000	0.000000	5.000000	0.138094	-0.017543	0.258924	
7.870000	-24.155323	2.243145	34.105888	0.000000	0.000000	5.000000	0.138094	-0.017332	0.259135	
7.880000	-24.127901	2.280238	34.139027	0.000000	0.000000	5.000000	0.137913	-0.017121	0.259347	
7.890000	-24.131893	2.317337	34.167793	0.000000	0.000000	5.000000	0.137913	-0.016909	0.259558	
7.900000	-24.131893	2.317337	34.167793	0.000000	0.000000	5.000000	0.137913	-0.016909	0.259558	
7.910000	-24.100534	2.346861	34.172642	0.000000	0.000000	5.000000	0.137733	-0.016698	0.259558	
7.920000	-24.104452	2.354442	34.200909	0.000000	0.000000	5.000000	0.137733	-0.016698	0.259769	
7.930000	-24.104452	2.354442	34.200909	0.000000	0.000000	5.000000	0.137733	-0.016698	0.259769	
7.940000	-24.104519	2.383966	34.201397	0.000000	0.000000	5.000000	0.137733	-0.016487	0.259769	
7.950000	-24.104519	2.383966	34.201397	0.000000	0.000000	5.000000	0.137733	-0.016487	0.259769	
7.960000	-24.104519	2.383966	34.201397	0.000000	0.000000	5.000000	0.137733	-0.016487	0.259769	
7.970000	-24.104452	2.354442	34.200909	0.000000	0.000000	5.000000	0.137733	-0.016698	0.259769	
7.980000	-24.104452	2.354442	34.200909	0.000000	0.000000	5.000000	0.137733	-0.016698	0.259769	
7.990000	-24.104452	2.354442	34.200909	0.000000	0.000000	5.000000	0.137733	-0.016698	0.259769	
8.000000	-24.104452	2.354442	34.200909	0.000000	0.000000	5.000000	0.137733	-0.016698	0.259769	
8.010000	-24.139875	2.391554	34.225300	0.000000	0.000000	2.000000	0.137913	-0.016487	0.259981	
8.020000	-23.892229	1.895812	32.441040	0.000000	0.000000	2.000000	0.137913	-0.016698	0.246665	
8.030000	-22.786280	1.789787	30.571115	0.000000	0.000000	2.000000	0.133033	-0.013950	0.231869	
8.040000	-21.979303	2.131755	28.944328	0.000000	0.000000	2.000000	0.129599	-0.008666	0.219187	
8.050000	-21.321648	2.437453	27.432953	0.000000	0.000000	2.000000	0.126888	-0.004016	0.207562	
8.060000	-20.812872	2.825768	26.069794	0.000000	0.000000	2.000000	0.124899	0.000845	0.197205	
8.070000	-20.475319	3.256276	24.824612	0.000000	0.000000	2.000000	0.123815	0.005707	0.187905	
8.080000	-20.315865	3.858904	23.784477	0.000000	0.000000	2.000000	0.123634	0.011414	0.180295	
8.090000	-20.236322	4.499990	22.904215	0.000000	0.000000	2.000000	0.123815	0.017121	0.173955	
8.100000	-20.261465	5.200758	22.151312	0.000000	0.000000	2.000000	0.124538	0.023039	0.168670	
8.110000	-20.255396	5.993804	21.394047	0.000000	0.000000	2.000000	0.125080	0.029591	0.163386	
8.120000	-20.309168	6.824683	20.650795	0.000000	0.000000	2.000000	0.125984	0.036355	0.158313	
8.130000	-20.364588	7.633889	19.930887	0.000000	0.000000	2.000000	0.126888	0.042907	0.153452	
8.140000	-20.457981	8.429750	19.289206	0.000000	0.000000	2.000000	0.127972	0.049248	0.149225	
8.150000	-20.553629	9.143625	18.675406	0.000000	0.000000	2.000000	0.129057	0.054955	0.145209	
8.160000	-20.651361	9.834165	18.087517	0.000000	0.000000	2.000000	0.130141	0.060451	0.141404	
8.170000	-20.727497	10.416705	17.564552	0.000000	0.000000	2.000000	0.131045	0.065101	0.138022	
8.180000	-20.814636	10.924181	17.131483	0.000000	0.000000	2.000000	0.131949	0.069117	0.135274	
8.190000	-20.917336	11.330402	16.820559	0.000000	0.000000	2.000000	0.132852	0.072287	0.133372	
8.200000	-21.036089	11.634778	16.632935	0.000000	0.000000	2.000000	0.133756	0.074612	0.132315	
8.210000	-21.142801	11.866437	16.571032	0.000000	0.000000	2.000000	0.134479	0.076303	0.132104	
8.220000	-21.282494	12.013640	16.540632	0.000000	0.000000	2.000000	0.135383	0.077360	0.132104	
8.230000	-21.342005	12.105849	16.555119	0.000000	0.000000	2.000000	0.135744	0.077994	0.132315	
8.240000	-21.398178	12.135287	16.545111	0.000000	0.000000	2.000000	0.136106	0.078206	0.132315	
8.250000	-21.394207	12.131394	16.516111	0.000000	0.000000	2.000000	0.136106	0.078206	0.132104	
8.260000	-21.386263	12.123629	16.458109	0.000000	0.000000	2.000000	0.136106	0.078206	0.131681	
8.270000	-21.346449	12.082587	16.377245	0.000000	0.000000	2.000000	0.135925	0.077994	0.131047	
8.280000	-21.334547	12.071039	16.290228	0.000000	0.000000	2.000000	0.135925	0.077994	0.130413	
8.290000	-21.298428	12.063373	16.236063	0.000000	0.000000	2.000000	0.135744	0.077994	0.129990	
8.300000	-21.314398	12.081355	16.142899	0.000000	0.000000	2.000000	0.135925	0.078206	0.129356	
8.310000	-21.333992	12.132624	16.076439	0.000000	0.000000	2.000000	0.136106	0.078628	0.128933	
8.320000	-21.345602	12.176359	15.951920	0.000000	0.000000	2.000000	0.136287	0.079051	0.128088	
8.330000	-21.356842	12.249626	15.825040	0.000000	0.000000	2.000000	0.136467	0.079685	0.127243	
8.340000	-21.387802	12.344988	15.633840	0.000000	0.000000	2.000000	0.136829	0.080531	0.125974	
8.350000	-21.394896	12.414810	15.477777	0.000000	0.000000	2.000000	0.137010	0.081165	0.124918	
8.360000	-21.421255	12.536356	15.254928	0.000000	0.000000	2.000000	0.137371	0.082222	0.123438	
8.370000	-21.391155	12.687618	15.037194	0.000000	0.000000	2.000000	0.137371	0.083490	0.121958	
8.380000	-21.348633	12.857967	14.729608	0.000000	0.000000	2.000000	0.137371	0.084969	0.119845	
8.390000	-21.293663	13.047952	14.331970	0.000000	0.000000	2.000000	0.137371	0.086660	0.117097	
8.400000	-21.202471	13.261635	13.876950	0.000000	0.000000	2.000000	0.137190	0.088563	0.113926	
8.410000	-21.099329	13.466905	13.334025	0.000000	0.000000	2.000000	0.137010	0.090465	0.110122	
8.420000	-21.011444	13.694169	12.696590	0.000000	0.000000	2.000000	0.137010	0.092578	0.105683	
8.430000	-20.887989	13.918156	12.003825	0.000000	0.000000	2.000000	0.136829	0.094692	0.100822	
8.440000	-20.787550	14.171931	11.274373	0.000000	0.000000	2.000000	0.136829	0.097017	0.095749	
8.450000	-20.690575	14.461271	10.570063	0.000000	0.000000	2.000000	0.136829	0.099554	0.090888	
8.460000	-20.624075	14.785725	9.887003	0.000000	0.000000	2.000000	0.137010	0.102301	0.086237	
8.470000	-20.587671	15.144854	9.225039	0.000000	0.000000	2.000000	0.137371	0.105260	0.081799	
8.480000	-20.528269	15.479527	8.597723	0.000000	0.000000	2.000000	0.137552	0.108008	0.077571	
8.490000	-20.499208	15.818742	7.994669	0.000000	0.000000	2.000000	0.137913	0.110756	0.073555	
8.500000	-20.504725	16.134865	7.448410	0.000000	0.000000	2.000000	0.138456	0.113292	0.069962	
8.510000	-20.544661	16.427284	6.959200	0.000000	0.000000	2.000000	0.139179	0.115617	0.066792	
8.520000	-20.601185	16.669930	6.592761	0.000000	0.000000	2.000000	0.139902	0.117520	0.064467	
8.530000	-20.718641	16.887632	6.280131	0.000000	0.000000	2.000000	0.140986	0.119211	0.062564	
8.540000	-20.874752	17.081877	6.054274	0.000000	0.000000	2.000000	0.142251	0.120690	0.061296	
8.550000	-21.069244	17.281652	5.911650	0.000000	0.000000	2.000000	0.143697	0.122170	0.060662	
8.560000	-21.303476	17.428183	5.859303	0.000000	0.000000	2.000000	0.145324	0.123227	0.060662	
8.570000	-21.520424	17.548985	5.872248	0.000000	0.000000	2.000000	0.146770	0.124072	0.061085	
8.580000	-21.737982	17.640501	5.888405	0.000000	0.000000	2.000000	0.148216	0.124706	0.061508	
8.590000	-21.928755	17.761332	5.904494	0.000000	0.000000	2.000000	0.149482	0.125552	0.061930	
8.600000	-22.061972	17.909630	5.895400	0.000000	0.000000	2.000000	0.150385	0.126608	0.062142	
8.610000	-22.164413	18.056078	5.860904	0.000000	0.000000	2.000000	0.151108	0.127665	0.062142	
8.620000	-22.214186	18.202505	5.834223	0.000000	0.000000	2.000000	0.151470	0.128722	0.062142	
8.630000	-22.242645	18.321470	5.844302	0.000000	0.000000	2.000000	0.151651	0.129568	0.062353	
8.640000	-22.302446	18.413000	5.883171	0.000000	0.000000	2.000000	0.152012	0.130202	0.062776	
8.650000	-22.332064	18.473410	5.900675	0.000000	0.000000	2.000000	0.152193	0.130624	0.062987	
8.660000	-22.362268	18.504547	5.921959	0.000000	0.000000	2.000000	0.152374	0.130836	0.063199	
8.670000	-22.361097	18.563097	5.914332	0.000000	0.000000	2.000000	0.152374	0.131259	0.063199	
8.680000	-22.360510	18.592371	5.910509	0.000000	0.000000	2.000000	0.152374	0.131470	0.063199	
8.690000	-22.328548	18.649054	5.877755	0.000000	0.000000	2.000000	0.152193	0.131893	0.062987	
8.700000	-22.326777	18.736864	5.866213	0.000000	0.000000	2.000000	0.152193	0.132527	0.062987	
8.710000	-22.325592	18.795401	5.858487	0.000000	0.000000	2.000000	0.152193	0.132949	0.062987	
8.720000	-22.319340	18.881342	5.817724	0.000000	0.000000	2.000000	0.152193	0.133584	0.062776	
8.730000	-22.308611	18.965441	5.747776	0.000000	0.000000	2.000000	0.152193	0.134218	0.062353	
8.740000	-22.271597	19.049557	5.681799	0.000000	0.000000	2.000000	0.152012	0.134852	0.061930	
8.750000	-22.198824	19.159328	5.557559	0.000000	0.000000	2.000000	0.151651	0.135697	0.061085	
8.760000	-22.125521	19.298441	5.429206	0.000000	0.000000	2.000000	0.151289	0.136754	0.060239	
8.770000	-22.043427	19.434137	5.242378	0.000000	0.000000	2.000000	0.150928	0.137811	0.058971	
8.780000	-21.930862	19.568336	5.030165	0.000000	0.000000	2.000000	0.150385	0.138868	0.057492	
8.790000	-21.809093	19.728765	4.755323	0.000000	0.000000	2.000000	0.149843	0.140136	0.055589	
8.800000	-21.652149	19.915743	4.421627	0.000000	0.000000	2.000000	0.149120	0.141615	0.053264	
8.810000	-21.486927	20.100437	4.029109	0.000000	0.000000	2.000000	0.148397	0.143095	0.050517	
8.820000	-21.291990	20.284735	3.610753	0.000000	0.000000	2.000000	0.147493	0.144575	0.047557	
8.830000	-21.128544	20.442316	3.221420	0.000000	0.000000	2.000000	0.146770	0.145843	0.044810	
8.840000	-20.995693	20.602161	2.857053	0.000000	0.000000	2.000000	0.146228	0.147111	0.042273	
8.850000	-20.871773	20.765232	2.550710	0.000000	0.000000	2.000000	0.145686	0.148379	0.040160	
8.860000	-20.751783	20.959217	2.268867	0.000000	0.000000	2.000000	0.145143	0.149859	0.038257	
8.870000	-20.607092	21.124470	1.994747	0.000000	0.000000	2.000000	0.144420	0.151127	0.036355	
8.880000	-20.468281	21.232841	1.758321	0.000000	0.000000	2.000000	0.143697	0.151972	0.034664	
8.890000	-20.335928	21.255018	1.564186	0.000000	0.000000	2.000000	0.142974	0.152184	0.033185	
8.900000	-20.229362	21.277498	1.366264	0.000000	0.000000	2.000000	0.142432	0.152395	0.031705	
8.910000	-20.064396	21.269327	1.121520	0.000000	0.000000	2.000000	0.141528	0.152395	0.029803	
8.920000	-19.797047	21.344383	0.698638	0.000000	0.000000	2.000000	0.140082	0.153029	0.026632	
8.930000	-19.563793	21.451412	0.325646	0.000000	0.000000	2.000000	0.138817	0.153875	0.023884	
8.940000	-19.303757	21.676174	-0.062421	0.000000	0.000000	2.000000	0.137371	0.155566	0.021137	
8.950000	-19.046944	21.989960	-0.435881	0.000000	0.000000	2.000000	0.135925	0.157891	0.018600	
8.960000	-18.869164	22.363300	-0.800849	0.000000	0.000000	2.000000	0.135021	0.160638	0.016275	
8.970000	-18.746599	22.708508	-1.139819	0.000000	0.000000	2.000000	0.134479	0.163175	0.014162	
8.980000	-18.712416	22.997038	-1.392470	0.000000	0.000000	2.000000	0.134479	0.165288	0.012682	
8.990000	-18.732687	23.256990	-1.618366	0.000000	0.000000	2.000000	0.134841	0.167191	0.011414	
9.000000	-18.727812	23.517084	-1.841368	0.000000	0.000000	2.000000	0.135021	0.169093	0.010146	
9.010000	-18.746986	23.806414	-2.073227	0.000000	0.000000	2.000000	0.135383	0.171207	0.008877	
9.020000	-18.846649	24.229134	-0.966584	0.000000	0.000000	5.000000	0.135021	0.174166	0.017332	
9.030000	-19.610353	24.590897	0.658894	0.000000	0.000000	5.000000	0.138817	0.176491	0.030014	
9.040000	-20.400084	24.634768	1.828459	0.000000	0.000000	5.000000	0.143155	0.176491	0.039103	
9.050000	-20.978449	24.450544	2.918788	0.000000	0.000000	5.000000	0.146047	0.174800	0.047135	
9.060000	-21.502487	24.272013	3.955606	0.000000	0.000000	5.000000	0.148578	0.173109	0.054744	
9.070000	-21.785233	23.997890	4.774188	0.000000	0.000000	5.000000	0.149662	0.170784	0.060451	
9.080000	-21.940367	23.629246	5.447091	0.000000	0.000000	5.000000	0.150024	0.167825	0.064889	
9.090000	-21.985167	23.113415	6.100098	0.000000	0.000000	5.000000	0.149662	0.163809	0.068905	
9.100000	-21.966562	22.447268	6.694541	0.000000	0.000000	5.000000	0.148939	0.158736	0.072287	
9.110000	-21.891088	21.692371	7.277593	0.000000	0.000000	5.000000	0.147855	0.153029	0.075458	
9.120000	-21.757328	20.877449	7.843418	0.000000	0.000000	5.000000	0.146409	0.146900	0.078417	
9.130000	-21.562235	20.119051	8.374401	0.000000	0.000000	5.000000	0.144601	0.141193	0.081165	
9.140000	-21.327141	19.473148	8.830382	0.000000	0.000000	5.000000	0.142613	0.136331	0.083490	
9.150000	-21.019844	19.024878	9.175954	0.000000	0.000000	5.000000	0.140263	0.132949	0.085181	
9.160000	-20.544683	18.734678	9.311168	0.000000	0.000000	5.000000	0.137010	0.130836	0.085392	
9.170000	-19.961424	18.605055	9.257496	0.000000	0.000000	5.000000	0.133214	0.129990	0.084335	
9.180000	-19.308403	18.553642	9.080361	0.000000	0.000000	5.000000	0.129057	0.129779	0.082433	
9.190000	-18.553761	18.547152	8.727602	0.000000	0.000000	5.000000	0.124357	0.129990	0.079262	
9.200000	-17.769520	18.508305	8.319481	0.000000	0.000000	5.000000	0.119477	0.129990	0.075669	
9.210000	-17.046429	18.473387	7.930223	0.000000	0.000000	5.000000	0.114958	0.129990	0.072287	
9.220000	-16.423357	18.450304	7.674849	0.000000	0.000000	5.000000	0.110981	0.129990	0.069962	
9.230000	-15.918033	18.463268	7.489401	0.000000	0.000000	5.000000	0.107728	0.130202	0.068271	
9.240000	-15.472184	18.568399	7.343729	0.000000	0.000000	5.000000	0.104836	0.131047	0.067003	
9.250000	-15.046256	18.786955	7.119756	0.000000	0.000000	5.000000	0.102125	0.132738	0.065312	
9.260000	-14.588491	19.060635	6.830241	0.000000	0.000000	5.000000	0.099233	0.134852	0.063199	
9.270000	-14.158509	19.364103	6.532081	0.000000	0.000000	5.000000	0.096521	0.137177	0.061085	
9.280000	-13.760091	19.611353	6.266912	0.000000	0.000000	5.000000	0.093991	0.139079	0.059183	
9.290000	-13.483106	19.779858	6.149571	0.000000	0.000000	5.000000	0.092183	0.140347	0.058337	
9.300000	-13.377275	19.809093	6.155165	0.000000	0.000000	5.000000	0.091460	0.140559	0.058337	
9.310000	-13.361281	19.845266	6.270875	0.000000	0.000000	5.000000	0.091280	0.140770	0.059183	
9.320000	-13.377024	19.885094	6.442860	0.000000	0.000000	5.000000	0.091280	0.140981	0.060451	
9.330000	-13.447973	19.956202	6.635181	0.000000	0.000000	5.000000	0.091641	0.141404	0.061930	
9.340000	-13.489872	20.025743	6.800524	0.000000	0.000000	5.000000	0.091822	0.141827	0.063199	
9.350000	-13.534919	20.068180	6.999324	0.000000	0.000000	5.000000	0.092003	0.142038	0.064678	
9.360000	-13.553484	20.110922	7.200540	0.000000	0.000000	5.000000	0.092003	0.142250	0.066158	
9.370000	-13.628713	20.097507	7.434484	0.000000	0.000000	5.000000	0.092364	0.142038	0.067849	
9.380000	-13.713063	20.032209	7.764647	0.000000	0.000000	5.000000	0.092726	0.141404	0.070174	
9.390000	-13.853432	19.999035	8.114857	0.000000	0.000000	5.000000	0.093449	0.140981	0.072710	
9.400000	-14.000233	19.941967	8.527594	0.000000	0.000000	5.000000	0.094172	0.140347	0.075669	
9.410000	-14.120367	19.915352	8.938505	0.000000	0.000000	5.000000	0.094714	0.139925	0.078628	
9.420000	-14.178301	19.912001	9.262363	0.000000	0.000000	5.000000	0.094895	0.139713	0.080953	
9.430000	-14.200998	19.902061	9.500828	0.000000	0.000000	5.000000	0.094895	0.139502	0.082644	
9.440000	-14.163726	19.916798	9.681717	0.000000	0.000000	5.000000	0.094533	0.139502	0.083912	
9.450000	-14.120790	19.926748	9.803997	0.000000	0.000000	5.000000	0.094172	0.139502	0.084758	
9.460000	-14.080907	19.910082	9.959633	0.000000	0.000000	5.000000	0.093810	0.139290	0.085815	
9.470000	-14.071123	19.866894	10.146059	0.000000	0.000000	5.000000	0.093629	0.138868	0.087083	
9.480000	-14.063251	19.885023	10.353601	0.000000	0.000000	5.000000	0.093449	0.138868	0.088563	
9.490000	-14.025408	19.900805	10.534373	0.000000	0.000000	5.000000	0.093087	0.138868	0.089831	
9.500000	-13.987055	19.946053	10.711046	0.000000	0.000000	5.000000	0.092726	0.139079	0.091099	
9.510000	-13.913612	19.954140	10.806447	0.000000	0.000000	5.000000	0.092183	0.139079	0.091733	
9.520000	-13.837753	19.930319	10.876603	0.000000	0.000000	5.000000	0.091641	0.138868	0.092156	
9.530000	-13.785998	19.933039	10.910875	0.000000	0.000000	5.000000	0.091280	0.138868	0.092367	
9.540000	-13.734221	19.935766	10.945129	0.000000	0.000000	5.000000	0.090918	0.138868	0.092578	
9.550000	-13.711948	19.970482	11.002095	0.000000	0.000000	5.000000	0.090737	0.139079	0.093001	
9.560000	-13.747196	19.978735	11.087449	0.000000	0.000000	5.000000	0.090918	0.139079	0.093635	
9.570000	-13.809371	20.016289	11.166216	0.000000	0.000000	5.000000	0.091280	0.139290	0.094269	
9.580000	-13.871979	20.024654	11.249031	0.000000	0.000000	5.000000	0.091641	0.139290	0.094903	
9.590000	-13.956912	19.998213	11.274836	0.000000	0.000000	5.000000	0.092183	0.139079	0.095115	
9.600000	-14.014584	19.971777	11.303122	0.000000	0.000000	5.000000	0.092545	0.138868	0.095326	
9.610000	-14.069550	19.942533	11.302113	0.000000	0.000000	5.000000	0.092906	0.138656	0.095326	
9.620000	-14.121778	19.910482	11.271811	0.000000	0.000000	5.000000	0.093268	0.138445	0.095115	
9.630000	-14.147083	19.849188	11.248091	0.000000	0.000000	5.000000	0.093449	0.138022	0.094903	
9.640000	-14.229315	19.819941	11.244439	0.000000	0.000000	5.000000	0.093991	0.137811	0.094903	
9.650000	-14.281493	19.787897	11.214056	0.000000	0.000000	5.000000	0.094352	0.137599	0.094692	
9.660000	-14.333651	19.755859	11.183648	0.000000	0.000000	5.000000	0.094714	0.137388	0.094481	
9.670000	-14.383380	19.691799	11.127968	0.000000	0.000000	5.000000	0.095075	0.136965	0.094058	
9.680000	-14.433068	19.627760	11.072244	0.000000	0.000000	5.000000	0.095437	0.136543	0.093635	
9.690000	-14.455473	19.563744	11.019093	0.000000	0.000000	5.000000	0.095618	0.136120	0.093213	
9.700000	-14.480287	19.531744	10.991198	0.000000	0.000000	5.000000	0.095798	0.135909	0.093001	
9.710000	-14.559554	19.499748	10.958038	0.000000	0.000000	5.000000	0.096341	0.135697	0.092790	
9.720000	-14.644477	19.473230	10.983356	0.000000	0.000000	5.000000	0.096883	0.135486	0.093001	
9.730000	-14.814027	19.449469	11.029870	0.000000	0.000000	5.000000	0.097967	0.135274	0.093424	
9.740000	-15.014253	19.399242	11.106679	0.000000	0.000000	5.000000	0.099233	0.134852	0.094058	
9.750000	-15.184080	19.375542	11.152752	0.000000	0.000000	5.000000	0.100317	0.134640	0.094481	
9.760000	-15.324179	19.319807	11.176087	0.000000	0.000000	5.000000	0.101221	0.134218	0.094692	
9.770000	-15.464730	19.234812	11.203183	0.000000	0.000000	5.000000	0.102125	0.133584	0.094903	
9.780000	-15.574636	19.176281	11.199774	0.000000	0.000000	5.000000	0.102848	0.133161	0.094903	
9.790000	-15.685349	19.059208	11.204022	0.000000	0.000000	5.000000	0.103571	0.132315	0.094903	
9.800000	-15.795664	18.971395	11.204238	0.000000	0.000000	5.000000	0.104294	0.131681	0.094903	
9.810000	-15.933256	18.883575	11.201440	0.000000	0.000000	5.000000	0.105197	0.131047	0.094903	
9.820000	-16.076670	18.830633	11.253098	0.000000	0.000000	5.000000	0.106101	0.130624	0.095326	
9.830000	-16.220186	18.777712	11.304593	0.000000	0.000000	5.000000	0.107005	0.130202	0.095749	
9.840000	-16.398275	18.671934	11.418989	0.000000	0.000000	5.000000	0.108089	0.129356	0.096594	
9.850000	-16.610781	18.542717	11.592252	0.000000	0.000000	5.000000	0.109355	0.128299	0.097863	
9.860000	-16.826977	18.416630	11.794245	0.000000	0.000000	5.000000	0.110620	0.127243	0.099342	
9.870000	-17.044516	18.232237	12.003123	0.000000	0.000000	5.000000	0.111885	0.125763	0.100822	
9.880000	-17.204351	18.045099	12.188404	0.000000	0.000000	5.000000	0.112789	0.124283	0.102090	
9.890000	-17.334091	17.825798	12.350740	0.000000	0.000000	5.000000	0.113512	0.122592	0.103147	
9.900000	-17.405666	17.603535	12.489685	0.000000	0.000000	5.000000	0.113873	0.120902	0.103992	
9.910000	-17.453104	17.384415	12.660524	0.000000	0.000000	5.000000	0.114054	0.119211	0.105049	
9.920000	-17.477116	17.109884	12.870139	0.000000	0.000000	5.000000	0.114054	0.117097	0.106317	
9.930000	-17.538708	16.845043	13.163444	0.000000	0.000000	5.000000	0.114235	0.114983	0.108220	
9.940000	-17.604059	16.554541	13.488518	0.000000	0.000000	5.000000	0.114416	0.112658	0.110333	
9.950000	-17.645037	16.267891	13.845100	0.000000	0.000000	5.000000	0.114416	0.110333	0.112658	
9.960000	-17.688904	16.014654	14.226829	0.000000	0.000000	5.000000	0.114416	0.108220	0.115195	
9.970000	-17.705154	15.732881	14.614144	0.000000	0.000000	5.000000	0.114235	0.105895	0.117731	
9.980000	-17.696535	15.455465	15.032944	0.000000	0.000000	5.000000	0.113873	0.103570	0.120479	
9.990000	-17.677557	15.168159	15.363537	0.000000	0.000000	5.000000	0.113512	0.101244	0.122592	
10.000000	-17.630489	14.852012	15.699396	0.000000	0.000000	5.000000	0.112970	0.098708	0.124706	
10.010000	-17.547606	14.587720	15.973599	0.000000	0.000000	5.000000	0.112247	0.096594	0.126397	
10.020000	-17.517330	13.956803	15.201889	0.000000	0.000000	2.000000	0.112608	0.092790	0.120479	
10.030000	-16.634226	13.702591	13.593400	0.000000	0.000000	2.000000	0.108089	0.092367	0.108220	
10.040000	-15.655437	13.850648	12.251569	0.000000	0.000000	2.000000	0.102667	0.094481	0.098074	
10.050000	-14.908124	14.130513	10.868866	0.000000	0.000000	2.000000	0.098690	0.097440	0.087928	
10.060000	-14.329688	14.384377	9.707604	0.000000	0.000000	2.000000	0.095618	0.099976	0.079474	
