0.003000	-0.110732	6.126132	-17.175665	0.010520	-0.106983	0.000000	0.000904	0.036355	-0.122592	
0.006000	-0.132878	6.155641	-17.176762	0.012623	-0.109786	0.000000	0.001085	0.036566	-0.122592	
0.009000	-0.110731	6.155641	-17.176741	0.010519	-0.109786	0.000000	0.000904	0.036566	-0.122592	
0.012000	-0.132878	6.155641	-17.176762	0.012623	-0.109786	0.000000	0.001085	0.036566	-0.122592	
0.015000	-0.110732	6.126132	-17.175665	0.010520	-0.106983	0.000000	0.000904	0.036355	-0.122592	
0.018000	-0.132879	6.126132	-17.175686	0.012623	-0.106983	0.000000	0.001085	0.036355	-0.122592	
0.021000	-0.110732	6.126132	-17.175665	0.010520	-0.106983	0.000000	0.000904	0.036355	-0.122592	
0.024000	-0.132879	6.126132	-17.175686	0.012623	-0.106983	0.000000	0.001085	0.036355	-0.122592	
0.027000	-0.110732	6.126132	-17.175665	0.010520	-0.106983	0.000000	0.000904	0.036355	-0.122592	
0.030000	-0.132879	6.126132	-17.175686	0.012623	-0.106983	0.000000	0.001085	0.036355	-0.122592	
0.033000	-0.110732	6.126132	-17.175665	0.010520	-0.106983	0.000000	0.000904	0.036355	-0.122592	
0.036000	-0.110732	6.126132	-17.175665	0.010520	-0.106983	0.000000	0.000904	0.036355	-0.122592	
0.039000	-0.110732	6.126132	-17.175665	0.010520	-0.106983	0.000000	0.000904	0.036355	-0.122592	
0.042000	-0.110732	6.126132	-17.175665	0.010520	-0.106983	0.000000	0.000904	0.036355	-0.122592	
0.045000	-0.132879	6.126132	-17.175686	0.012623	-0.106983	0.000000	0.001085	0.036355	-0.122592	
0.048000	-0.110732	6.126132	-17.175665	0.010520	-0.106983	0.000000	0.000904	0.036355	-0.122592	
0.051000	-0.132879	6.126132	-17.175686	0.012623	-0.106983	0.000000	0.001085	0.036355	-0.122592	
0.054000	-0.110732	6.126132	-17.175665	0.010520	-0.106983	0.000000	0.000904	0.036355	-0.122592	
0.057000	-0.132879	6.126132	-17.175686	0.012623	-0.106983	0.000000	0.001085	0.036355	-0.122592	
0.060000	-0.110732	6.126132	-17.175665	0.010520	-0.106983	0.000000	0.000904	0.036355	-0.122592	
0.063000	-0.132879	6.126132	-17.175686	0.012623	-0.106983	0.000000	0.001085	0.036355	-0.122592	
0.066000	-0.110732	6.126132	-17.175665	0.010520	-0.106983	0.000000	0.000904	0.036355	-0.122592	
0.069000	-0.132879	6.126132	-17.175686	0.012623	-0.106983	0.000000	0.001085	0.036355	-0.122592	
0.072000	-0.110732	6.126132	-17.175665	0.010520	-0.106983	0.000000	0.000904	0.036355	-0.122592	
0.075000	-0.132879	6.126132	-17.175686	0.012623	-0.106983	0.000000	0.001085	0.036355	-0.122592	
0.078000	-0.110732	6.126132	-17.175665	0.010520	-0.106983	0.000000	0.000904	0.036355	-0.122592	
0.081000	-0.132879	6.126132	-17.175686	0.012623	-0.106983	0.000000	0.001085	0.036355	-0.122592	
0.084000	-0.110732	6.126132	-17.175665	0.010520	-0.106983	0.000000	0.000904	0.036355	-0.122592	
0.087000	-0.110732	6.126132	-17.175665	0.010520	-0.106983	0.000000	0.000904	0.036355	-0.122592	
0.090000	-0.110732	6.126132	-17.175665	0.010520	-0.106983	0.000000	0.000904	0.036355	-0.122592	
0.093000	-0.110732	6.126132	-17.175665	0.010520	-0.106983	0.000000	0.000904	0.036355	-0.122592	
0.096000	-0.110732	6.126132	-17.175665	0.010520	-0.106983	0.000000	0.000904	0.036355	-0.122592	
0.099000	-0.110732	6.126132	-17.175665	0.010520	-0.106983	0.000000	0.000904	0.036355	-0.122592	
0.102000	-0.132879	6.126132	-17.175686	0.012623	-0.106983	0.000000	0.001085	0.036355	-0.122592	
0.105000	-0.110732	6.126132	-17.175665	0.010520	-0.106983	0.000000	0.000904	0.036355	-0.122592	
0.108000	-0.132879	6.126132	-17.175686	0.012623	-0.106983	0.000000	0.001085	0.036355	-0.122592	
0.111000	-0.110732	6.126132	-17.175665	0.010520	-0.106983	0.000000	0.000904	0.036355	-0.122592	
0.114000	-0.132879	6.126132	-17.175686	0.012623	-0.106983	0.000000	0.001085	0.036355	-0.122592	
0.117000	-0.110732	6.126132	-17.175665	0.010520	-0.106983	0.000000	0.000904	0.036355	-0.122592	
0.120000	-0.132879	6.126132	-17.175686	0.012623	-0.106983	0.000000	0.001085	0.036355	-0.122592	
0.123000	-0.110732	6.126132	-17.175665	0.010520	-0.106983	0.000000	0.000904	0.036355	-0.122592	
0.126000	-0.132879	6.126132	-17.175686	0.012623	-0.106983	0.000000	0.001085	0.036355	-0.122592	
0.129000	-0.110732	6.126132	-17.175665	0.010520	-0.106983	0.000000	0.000904	0.036355	-0.122592	
0.132000	-0.132879	6.126132	-17.175686	0.012623	-0.106983	0.000000	0.001085	0.036355	-0.122592	
0.135000	-0.110732	6.126132	-17.175665	0.010520	-0.106983	0.000000	0.000904	0.036355	-0.122592	
0.138000	-0.132879	6.126132	-17.175686	0.012623	-0.106983	0.000000	0.001085	0.036355	-0.122592	
0.141000	-0.110732	6.126132	-17.175665	0.010520	-0.106983	0.000000	0.000904	0.036355	-0.122592	
0.144000	-0.110732	6.126132	-17.175665	0.010520	-0.106983	0.000000	0.000904	0.036355	-0.122592	
0.147000	-0.110732	6.126132	-17.175665	0.010520	-0.106983	0.000000	0.000904	0.036355	-0.122592	
0.150000	-0.110732	6.126132	-17.175665	0.010520	-0.106983	0.000000	0.000904	0.036355	-0.122592	
0.153000	-0.132879	6.126132	-17.175686	0.012623	-0.106983	0.000000	0.001085	0.036355	-0.122592	
0.156000	-0.110732	6.126132	-17.175665	0.010520	-0.106983	0.000000	0.000904	0.036355	-0.122592	
0.159000	-0.132879	6.126132	-17.175686	0.012623	-0.106983	0.000000	0.001085	0.036355	-0.122592	
0.162000	-0.110732	6.126132	-17.175665	0.010520	-0.106983	0.000000	0.000904	0.036355	-0.122592	
0.165000	-0.132879	6.126132	-17.175686	0.012623	-0.106983	0.000000	0.001085	0.036355	-0.122592	
0.168000	-0.110732	6.126132	-17.175665	0.010520	-0.106983	0.000000	0.000904	0.036355	-0.122592	
0.171000	-0.132879	6.126132	-17.175686	0.012623	-0.106983	0.000000	0.001085	0.036355	-0.122592	
0.174000	-0.110732	6.126132	-17.175665	0.010520	-0.106983	0.000000	0.000904	0.036355	-0.122592	
0.177000	-0.132879	6.126132	-17.175686	0.012623	-0.106983	0.000000	0.001085	0.036355	-0.122592	
0.180000	-0.110732	6.126132	-17.175665	0.010520	-0.106983	0.000000	0.000904	0.036355	-0.122592	
0.183000	-0.132879	6.126132	-17.175686	0.012623	-0.106983	0.000000	0.001085	0.036355	-0.122592	
0.186000	-0.110732	6.126132	-17.175665	0.010520	-0.106983	0.000000	0.000904	0.036355	-0.122592	
0.189000	-0.132879	6.126132	-17.175686	0.012623	-0.106983	0.000000	0.001085	0.036355	-0.122592	
0.192000	-0.110732	6.126132	-17.175665	0.010520	-0.106983	0.000000	0.000904	0.036355	-0.122592	
0.195000	-0.110732	6.126132	-17.175665	0.010520	-0.106983	0.000000	0.000904	0.036355	-0.122592	
0.198000	-0.110732	6.126132	-17.175665	0.010520	-0.106983	0.000000	0.000904	0.036355	-0.122592	
0.201000	-0.110732	6.126132	-17.175665	0.010520	-0.106983	0.000000	0.000904	0.036355	-0.122592	
0.204000	-0.110732	6.126132	-17.175665	0.010520	-0.106983	0.000000	0.000904	0.036355	-0.122592	
0.207000	-0.110732	6.126132	-17.175665	0.010520	-0.106983	0.000000	0.000904	0.036355	-0.122592	
0.210000	-0.132879	6.126132	-17.175686	0.012623	-0.106983	0.000000	0.001085	0.036355	-0.122592	
0.213000	-0.110732	6.126132	-17.175665	0.010520	-0.106983	0.000000	0.000904	0.036355	-0.122592	
0.216000	-0.132879	6.126132	-17.175686	0.012623	-0.106983	0.000000	0.001085	0.036355	-0.122592	
0.219000	-0.110732	6.126132	-17.175665	0.010520	-0.106983	0.000000	0.000904	0.036355	-0.122592	
0.222000	-0.132879	6.126132	-17.175686	0.012623	-0.106983	0.000000	0.001085	0.036355	-0.122592	
0.225000	-0.110732	6.126132	-17.175665	0.010520	-0.106983	0.000000	0.000904	0.036355	-0.122592	
0.228000	-0.132879	6.126132	-17.175686	0.012623	-0.106983	0.000000	0.001085	0.036355	-0.122592	
0.231000	-0.110732	6.126132	-17.175665	0.010520	-0.106983	0.000000	0.000904	0.036355	-0.122592	
0.234000	-0.132879	6.126132	-17.175686	0.012623	-0.106983	0.000000	0.001085	0.036355	-0.122592	
0.237000	-0.110732	6.126132	-17.175665	0.010520	-0.106983	0.000000	0.000904	0.036355	-0.122592	
0.240000	-0.132879	6.126132	-17.175686	0.012623	-0.106983	0.000000	0.001085	0.036355	-0.122592	
0.243000	-0.110732	6.126132	-17.175665	0.010520	-0.106983	0.000000	0.000904	0.036355	-0.122592	
0.246000	-0.110732	6.126132	-17.175665	0.010520	-0.106983	0.000000	0.000904	0.036355	-0.122592	
0.249000	-0.110732	6.126132	-17.175665	0.010520	-0.106983	0.000000	0.000904	0.036355	-0.122592	
0.252000	-0.110732	6.126132	-17.175665	0.010520	-0.106983	0.000000	0.000904	0.036355	-0.122592	
0.255000	-0.110732	6.126132	-17.175665	0.010520	-0.106983	0.000000	0.000904	0.036355	-0.122592	
0.258000	-0.110732	6.126132	-17.175665	0.010520	-0.106983	0.000000	0.000904	0.036355	-0.122592	
0.261000	-0.132879	6.126132	-17.175686	0.012623	-0.106983	0.000000	0.001085	0.036355	-0.122592	
0.264000	-0.110732	6.126132	-17.175665	0.010520	-0.106983	0.000000	0.000904	0.036355	-0.122592	
0.267000	-0.132879	6.126132	-17.175686	0.012623	-0.106983	0.000000	0.001085	0.036355	-0.122592	
0.270000	-0.110732	6.126132	-17.175665	0.010520	-0.106983	0.000000	0.000904	0.036355	-0.122592	
0.273000	-0.132879	6.126132	-17.175686	0.012623	-0.106983	0.000000	0.001085	0.036355	-0.122592	
0.276000	-0.110732	6.126132	-17.175665	0.010520	-0.106983	0.000000	0.000904	0.036355	-0.122592	
0.279000	-0.132879	6.126132	-17.175686	0.012623	-0.106983	0.000000	0.001085	0.036355	-0.122592	
0.282000	-0.110732	6.126132	-17.175665	0.010520	-0.106983	0.000000	0.000904	0.036355	-0.122592	
0.285000	-0.132879	6.126132	-17.175686	0.012623	-0.106983	0.000000	0.001085	0.036355	-0.122592	
0.288000	-0.110732	6.126132	-17.175665	0.010520	-0.106983	0.000000	0.000904	0.036355	-0.122592	
0.291000	-0.132879	6.126132	-17.175686	0.012623	-0.106983	0.000000	0.001085	0.036355	-0.122592	
0.294000	-0.110732	6.126132	-17.175665	0.010520	-0.106983	0.000000	0.000904	0.036355	-0.122592	
0.297000	-0.110732	6.126132	-17.175665	0.010520	-0.106983	0.000000	0.000904	0.036355	-0.122592	
0.300000	-0.110732	6.126132	-17.175665	0.010520	-0.106983	0.000000	0.000904	0.036355	-0.122592	
0.303000	-0.110732	6.126132	-17.175665	0.010520	-0.106983	0.000000	0.000904	0.036355	-0.122592	
0.306000	-0.110732	6.126132	-17.175665	0.010520	-0.106983	0.000000	0.000904	0.036355	-0.122592	
0.309000	-0.110732	6.126132	-17.175665	0.010520	-0.106983	0.000000	0.000904	0.036355	-0.122592	
0.312000	-0.132879	6.126132	-17.175686	0.012623	-0.106983	0.000000	0.001085	0.036355	-0.122592	
0.315000	-0.110732	6.126132	-17.175665	0.010520	-0.106983	0.000000	0.000904	0.036355	-0.122592	
0.318000	-0.132879	6.126132	-17.175686	0.012623	-0.106983	0.000000	0.001085	0.036355	-0.122592	
0.321000	-0.110732	6.126132	-17.175665	0.010520	-0.106983	0.000000	0.000904	0.036355	-0.122592	
0.324000	-0.132879	6.126132	-17.175686	0.012623	-0.106983	0.000000	0.001085	0.036355	-0.122592	
0.327000	-0.110732	6.126132	-17.175665	0.010520	-0.106983	0.000000	0.000904	0.036355	-0.122592	
0.330000	-0.132879	6.126132	-17.175686	0.012623	-0.106983	0.000000	0.001085	0.036355	-0.122592	
0.333000	-0.110732	6.126132	-17.175665	0.010520	-0.106983	0.000000	0.000904	0.036355	-0.122592	
0.336000	-0.132879	6.126132	-17.175686	0.012623	-0.106983	0.000000	0.001085	0.036355	-0.122592	
0.339000	-0.110732	6.126132	-17.175665	0.010520	-0.106983	0.000000	0.000904	0.036355	-0.122592	
0.342000	-0.132879	6.126132	-17.175686	0.012623	-0.106983	0.000000	0.001085	0.036355	-0.122592	
0.345000	-0.110732	6.126132	-17.175665	0.010520	-0.106983	0.000000	0.000904	0.036355	-0.122592	
0.348000	-0.110732	6.126132	-17.175665	0.010520	-0.106983	0.000000	0.000904	0.036355	-0.122592	
0.351000	-0.110732	6.126132	-17.175665	0.010520	-0.106983	0.000000	0.000904	0.036355	-0.122592	
0.354000	-0.110732	6.126132	-17.175665	0.010520	-0.106983	0.000000	0.000904	0.036355	-0.122592	
0.357000	-0.110732	6.126132	-17.175665	0.010520	-0.106983	0.000000	0.000904	0.036355	-0.122592	
0.360000	-0.110732	6.126132	-17.175665	0.010520	-0.106983	0.000000	0.000904	0.036355	-0.122592	
0.363000	-0.132879	6.126132	-17.175686	0.012623	-0.106983	0.000000	0.001085	0.036355	-0.122592	
0.366000	-0.110732	6.126132	-17.175665	0.010520	-0.106983	0.000000	0.000904	0.036355	-0.122592	
0.369000	-0.132879	6.126132	-17.175686	0.012623	-0.106983	0.000000	0.001085	0.036355	-0.122592	
0.372000	-0.110732	6.126132	-17.175665	0.010520	-0.106983	0.000000	0.000904	0.036355	-0.122592	
0.375000	-0.132879	6.126132	-17.175686	0.012623	-0.106983	0.000000	0.001085	0.036355	-0.122592	
0.378000	-0.110732	6.126132	-17.175665	0.010520	-0.106983	0.000000	0.000904	0.036355	-0.122592	
0.381000	-0.132879	6.126132	-17.175686	0.012623	-0.106983	0.000000	0.001085	0.036355	-0.122592	
0.384000	-0.110732	6.126132	-17.175665	0.010520	-0.106983	0.000000	0.000904	0.036355	-0.122592	
0.387000	-0.132879	6.126132	-17.175686	0.012623	-0.106983	0.000000	0.001085	0.036355	-0.122592	
0.390000	-0.110732	6.126132	-17.175665	0.010520	-0.106983	0.000000	0.000904	0.036355	-0.122592	
0.393000	-0.132879	6.126132	-17.175686	0.012623	-0.106983	0.000000	0.001085	0.036355	-0.122592	
0.396000	-0.110732	6.126132	-17.175665	0.010520	-0.106983	0.000000	0.000904	0.036355	-0.122592	
0.399000	-0.110732	6.126132	-17.175665	0.010520	-0.106983	0.000000	0.000904	0.036355	-0.122592	
0.402000	-0.110732	6.126132	-17.175665	0.010520	-0.106983	0.000000	0.000904	0.036355	-0.122592	
0.405000	-0.110732	6.126132	-17.175665	0.010520	-0.106983	0.000000	0.000904	0.036355	-0.122592	
0.408000	-0.110732	6.126132	-17.175665	0.010520	-0.106983	0.000000	0.000904	0.036355	-0.122592	
0.411000	-0.110732	6.126132	-17.175665	0.010520	-0.106983	0.000000	0.000904	0.036355	-0.122592	
0.414000	-0.132879	6.126132	-17.175686	0.012623	-0.106983	0.000000	0.001085	0.036355	-0.122592	
0.417000	-0.110732	6.126132	-17.175665	0.010520	-0.106983	0.000000	0.000904	0.036355	-0.122592	
0.420000	-0.132879	6.126132	-17.175686	0.012623	-0.106983	0.000000	0.001085	0.036355	-0.122592	
0.423000	-0.110732	6.126132	-17.175665	0.010520	-0.106983	0.000000	0.000904	0.036355	-0.122592	
0.426000	-0.132879	6.126132	-17.175686	0.012623	-0.106983	0.000000	0.001085	0.036355	-0.122592	
0.429000	-0.110732	6.126132	-17.175665	0.010520	-0.106983	0.000000	0.000904	0.036355	-0.122592	
0.432000	-0.132879	6.126132	-17.175686	0.012623	-0.106983	0.000000	0.001085	0.036355	-0.122592	
0.435000	-0.110732	6.126132	-17.175665	0.010520	-0.106983	0.000000	0.000904	0.036355	-0.122592	
0.438000	-0.132879	6.126132	-17.175686	0.012623	-0.106983	0.000000	0.001085	0.036355	-0.122592	
0.441000	-0.110732	6.126132	-17.175665	0.010520	-0.106983	0.000000	0.000904	0.036355	-0.122592	
0.444000	-0.132879	6.126132	-17.175686	0.012623	-0.106983	0.000000	0.001085	0.036355	-0.122592	
0.447000	-0.110732	6.126132	-17.175665	0.010520	-0.106983	0.000000	0.000904	0.036355	-0.122592	
0.450000	-0.110732	6.126132	-17.175665	0.010520	-0.106983	0.000000	0.000904	0.036355	-0.122592	
0.453000	-0.110732	6.126132	-17.175665	0.010520	-0.106983	0.000000	0.000904	0.036355	-0.122592	
0.456000	-0.110732	6.126132	-17.175665	0.010520	-0.106983	0.000000	0.000904	0.036355	-0.122592	
0.459000	-0.110732	6.126132	-17.175665	0.010520	-0.106983	0.000000	0.000904	0.036355	-0.122592	
0.462000	-0.110732	6.126132	-17.175665	0.010520	-0.106983	0.000000	0.000904	0.036355	-0.122592	
0.465000	-0.110732	6.126132	-17.175665	0.010520	-0.106983	0.000000	0.000904	0.036355	-0.122592	
0.468000	-0.110732	6.126132	-17.175665	0.010520	-0.106983	0.000000	0.000904	0.036355	-0.122592	
0.471000	-0.132879	6.126132	-17.175686	0.012623	-0.106983	0.000000	0.001085	0.036355	-0.122592	
0.474000	-0.110732	6.126132	-17.175665	0.010520	-0.106983	0.000000	0.000904	0.036355	-0.122592	
0.477000	-0.132879	6.126132	-17.175686	0.012623	-0.106983	0.000000	0.001085	0.036355	-0.122592	
0.480000	-0.110732	6.126132	-17.175665	0.010520	-0.106983	0.000000	0.000904	0.036355	-0.122592	
0.483000	-0.132879	6.126132	-17.175686	0.012623	-0.106983	0.000000	0.001085	0.036355	-0.122592	
0.486000	-0.110732	6.126132	-17.175665	0.010520	-0.106983	0.000000	0.000904	0.036355	-0.122592	
0.489000	-0.132879	6.126132	-17.175686	0.012623	-0.106983	0.000000	0.001085	0.036355	-0.122592	
0.492000	-0.110732	6.126132	-17.175665	0.010520	-0.106983	0.000000	0.000904	0.036355	-0.122592	
0.495000	-0.132879	6.126132	-17.175686	0.012623	-0.106983	0.000000	0.001085	0.036355	-0.122592	
0.498000	-0.110732	6.126132	-17.175665	0.010520	-0.106983	0.000000	0.000904	0.036355	-0.122592	
0.501000	-0.132879	6.126132	-17.175686	0.012623	-0.106983	0.000000	0.001085	0.036355	-0.122592	
0.504000	-0.110732	6.126132	-17.175665	0.010520	-0.106983	0.000000	0.000904	0.036355	-0.122592	
0.507000	-0.110732	6.126132	-17.175665	0.010520	-0.106983	0.000000	0.000904	0.036355	-0.122592	
0.510000	-0.110732	6.126132	-17.175665	0.010520	-0.106983	0.000000	0.000904	0.036355	-0.122592	
0.513000	-0.110732	6.126132	-17.175665	0.010520	-0.106983	0.000000	0.000904	0.036355	-0.122592	
0.516000	-0.110732	6.126132	-17.175665	0.010520	-0.106983	0.000000	0.000904	0.036355	-0.122592	
0.519000	-0.110732	6.126132	-17.175665	0.010520	-0.106983	0.000000	0.000904	0.036355	-0.122592	
0.522000	-0.132879	6.126132	-17.175686	0.012623	-0.106983	0.000000	0.001085	0.036355	-0.122592	
0.525000	-0.110732	6.126132	-17.175665	0.010520	-0.106983	0.000000	0.000904	0.036355	-0.122592	
0.528000	-0.132879	6.126132	-17.175686	0.012623	-0.106983	0.000000	0.001085	0.036355	-0.122592	
0.531000	-0.110732	6.126132	-17.175665	0.010520	-0.106983	0.000000	0.000904	0.036355	-0.122592	
0.534000	-0.132879	6.126132	-17.175686	0.012623	-0.106983	0.000000	0.001085	0.036355	-0.122592	
0.537000	-0.110732	6.126132	-17.175665	0.010520	-0.106983	0.000000	0.000904	0.036355	-0.122592	
0.540000	-0.132879	6.126132	-17.175686	0.012623	-0.106983	0.000000	0.001085	0.036355	-0.122592	
0.543000	-0.110732	6.126132	-17.175665	0.010520	-0.106983	0.000000	0.000904	0.036355	-0.122592	
0.546000	-0.132879	6.126132	-17.175686	0.012623	-0.106983	0.000000	0.001085	0.036355	-0.122592	
0.549000	-0.110732	6.126132	-17.175665	0.010520	-0.106983	0.000000	0.000904	0.036355	-0.122592	
0.552000	-0.132879	6.126132	-17.175686	0.012623	-0.106983	0.000000	0.001085	0.036355	-0.122592	
0.555000	-0.110732	6.126132	-17.175665	0.010520	-0.106983	0.000000	0.000904	0.036355	-0.122592	
0.558000	-0.110732	6.126132	-17.175665	0.010520	-0.106983	0.000000	0.000904	0.036355	-0.122592	
0.561000	-0.110732	6.126132	-17.175665	0.010520	-0.106983	0.000000	0.000904	0.036355	-0.122592	
0.564000	-0.110732	6.126132	-17.175665	0.010520	-0.106983	0.000000	0.000904	0.036355	-0.122592	
0.567000	-0.110732	6.126132	-17.175665	0.010520	-0.106983	0.000000	0.000904	0.036355	-0.122592	
0.570000	-0.110732	6.126132	-17.175665	0.010520	-0.106983	0.000000	0.000904	0.036355	-0.122592	
0.573000	-0.132879	6.126132	-17.175686	0.012623	-0.106983	0.000000	0.001085	0.036355	-0.122592	
0.576000	-0.110732	6.126132	-17.175665	0.010520	-0.106983	0.000000	0.000904	0.036355	-0.122592	
0.579000	-0.132879	6.126132	-17.175686	0.012623	-0.106983	0.000000	0.001085	0.036355	-0.122592	
0.582000	-0.110732	6.126132	-17.175665	0.010520	-0.106983	0.000000	0.000904	0.036355	-0.122592	
0.585000	-0.132879	6.126132	-17.175686	0.012623	-0.106983	0.000000	0.001085	0.036355	-0.122592	
0.588000	-0.110732	6.126132	-17.175665	0.010520	-0.106983	0.000000	0.000904	0.036355	-0.122592	
0.591000	-0.132879	6.126132	-17.175686	0.012623	-0.106983	0.000000	0.001085	0.036355	-0.122592	
0.594000	-0.110732	6.126132	-17.175665	0.010520	-0.106983	0.000000	0.000904	0.036355	-0.122592	
0.597000	-0.132879	6.126132	-17.175686	0.012623	-0.106983	0.000000	0.001085	0.036355	-0.122592	
0.600000	-0.110732	6.126132	-17.175665	0.010520	-0.106983	0.000000	0.000904	0.036355	-0.122592	
0.603000	-0.132879	6.126132	-17.175686	0.012623	-0.106983	0.000000	0.001085	0.036355	-0.122592	
0.606000	-0.110732	6.126132	-17.175665	0.010520	-0.106983	0.000000	0.000904	0.036355	-0.122592	
0.609000	-0.132879	6.126132	-17.175686	0.012623	-0.106983	0.000000	0.001085	0.036355	-0.122592	
0.612000	-0.110732	6.126132	-17.175665	0.010520	-0.106983	0.000000	0.000904	0.036355	-0.122592	
0.615000	-0.110732	6.126132	-17.175665	0.010520	-0.106983	0.000000	0.000904	0.036355	-0.122592	
0.618000	-0.110732	6.126132	-17.175665	0.010520	-0.106983	0.000000	0.000904	0.036355	-0.122592	
0.621000	-0.110732	6.126132	-17.175665	0.010520	-0.106983	0.000000	0.000904	0.036355	-0.122592	
0.624000	-0.110732	6.126132	-17.175665	0.010520	-0.106983	0.000000	0.000904	0.036355	-0.122592	
0.627000	-0.110732	6.126132	-17.175665	0.010520	-0.106983	0.000000	0.000904	0.036355	-0.122592	
0.630000	-0.132879	6.126132	-17.175686	0.012623	-0.106983	0.000000	0.001085	0.036355	-0.122592	
0.633000	-0.110732	6.126132	-17.175665	0.010520	-0.106983	0.000000	0.000904	0.036355	-0.122592	
0.636000	-0.132879	6.126132	-17.175686	0.012623	-0.106983	0.000000	0.001085	0.036355	-0.122592	
0.639000	-0.110732	6.126132	-17.175665	0.010520	-0.106983	0.000000	0.000904	0.036355	-0.122592	
0.642000	-0.132879	6.126132	-17.175686	0.012623	-0.106983	0.000000	0.001085	0.036355	-0.122592	
0.645000	-0.110732	6.126132	-17.175665	0.010520	-0.106983	0.000000	0.000904	0.036355	-0.122592	
0.648000	-0.132879	6.126132	-17.175686	0.012623	-0.106983	0.000000	0.001085	0.036355	-0.122592	
0.651000	-0.110732	6.126132	-17.175665	0.010520	-0.106983	0.000000	0.000904	0.036355	-0.122592	
0.654000	-0.132879	6.126132	-17.175686	0.012623	-0.106983	0.000000	0.001085	0.036355	-0.122592	
0.657000	-0.110732	6.126132	-17.175665	0.010520	-0.106983	0.000000	0.000904	0.036355	-0.122592	
0.660000	-0.132879	6.126132	-17.175686	0.012623	-0.106983	0.000000	0.001085	0.036355	-0.122592	
0.663000	-0.110732	6.126132	-17.175665	0.010520	-0.106983	0.000000	0.000904	0.036355	-0.122592	
0.666000	-0.110732	6.126132	-17.175665	0.010520	-0.106983	0.000000	0.000904	0.036355	-0.122592	
0.669000	-0.110732	6.126132	-17.175665	0.010520	-0.106983	0.000000	0.000904	0.036355	-0.122592	
0.672000	-0.110732	6.126132	-17.175665	0.010520	-0.106983	0.000000	0.000904	0.036355	-0.122592	
0.675000	-0.132879	6.126132	-17.175686	0.012623	-0.106983	0.000000	0.001085	0.036355	-0.122592	
0.678000	-0.110732	6.126132	-17.175665	0.010520	-0.106983	0.000000	0.000904	0.036355	-0.122592	
0.681000	-0.132879	6.126132	-17.175686	0.012623	-0.106983	0.000000	0.001085	0.036355	-0.122592	
0.684000	-0.110732	6.126132	-17.175665	0.010520	-0.106983	0.000000	0.000904	0.036355	-0.122592	
0.687000	-0.132879	6.126132	-17.175686	0.012623	-0.106983	0.000000	0.001085	0.036355	-0.122592	
0.690000	-0.110732	6.126132	-17.175665	0.010520	-0.106983	0.000000	0.000904	0.036355	-0.122592	
0.693000	-0.132879	6.126132	-17.175686	0.012623	-0.106983	0.000000	0.001085	0.036355	-0.122592	
0.696000	-0.110732	6.126132	-17.175665	0.010520	-0.106983	0.000000	0.000904	0.036355	-0.122592	
0.699000	-0.132879	6.126132	-17.175686	0.012623	-0.106983	0.000000	0.001085	0.036355	-0.122592	
0.702000	-0.110732	6.126132	-17.175665	0.010520	-0.106983	0.000000	0.000904	0.036355	-0.122592	
0.705000	-0.132879	6.126132	-17.175686	0.012623	-0.106983	0.000000	0.001085	0.036355	-0.122592	
0.708000	-0.110732	6.126132	-17.175665	0.010520	-0.106983	0.000000	0.000904	0.036355	-0.122592	
0.711000	-0.132879	6.126132	-17.175686	0.012623	-0.106983	0.000000	0.001085	0.036355	-0.122592	
0.714000	-0.110732	6.126132	-17.175665	0.010520	-0.106983	0.000000	0.000904	0.036355	-0.122592	
0.717000	-0.110732	6.126132	-17.175665	0.010520	-0.106983	0.000000	0.000904	0.036355	-0.122592	
0.720000	-0.110732	6.126132	-17.175665	0.010520	-0.106983	0.000000	0.000904	0.036355	-0.122592	
0.723000	-0.110732	6.126132	-17.175665	0.010520	-0.106983	0.000000	0.000904	0.036355	-0.122592	
0.726000	-0.110732	6.126132	-17.175665	0.010520	-0.106983	0.000000	0.000904	0.036355	-0.122592	
0.729000	-0.110732	6.126132	-17.175665	0.010520	-0.106983	0.000000	0.000904	0.036355	-0.122592	
0.732000	-0.132879	6.126132	-17.175686	0.012623	-0.106983	0.000000	0.001085	0.036355	-0.122592	
0.735000	-0.110732	6.126132	-17.175665	0.010520	-0.106983	0.000000	0.000904	0.036355	-0.122592	
0.738000	-0.132879	6.126132	-17.175686	0.012623	-0.106983	0.000000	0.001085	0.036355	-0.122592	
0.741000	-0.110732	6.126132	-17.175665	0.010520	-0.106983	0.000000	0.000904	0.036355	-0.122592	
0.744000	-0.132879	6.126132	-17.175686	0.012623	-0.106983	0.000000	0.001085	0.036355	-0.122592	
0.747000	-0.110732	6.126132	-17.175665	0.010520	-0.106983	0.000000	0.000904	0.036355	-0.122592	
0.750000	-0.132879	6.126132	-17.175686	0.012623	-0.106983	0.000000	0.001085	0.036355	-0.122592	
0.753000	-0.110732	6.126132	-17.175665	0.010520	-0.106983	0.000000	0.000904	0.036355	-0.122592	
0.756000	-0.132879	6.126132	-17.175686	0.012623	-0.106983	0.000000	0.001085	0.036355	-0.122592	
0.759000	-0.110732	6.126132	-17.175665	0.010520	-0.106983	0.000000	0.000904	0.036355	-0.122592	
0.762000	-0.132879	6.126132	-17.175686	0.012623	-0.106983	0.000000	0.001085	0.036355	-0.122592	
0.765000	-0.110732	6.126132	-17.175665	0.010520	-0.106983	0.000000	0.000904	0.036355	-0.122592	
0.768000	-0.110732	6.126132	-17.175665	0.010520	-0.106983	0.000000	0.000904	0.036355	-0.122592	
0.771000	-0.110732	6.126132	-17.175665	0.010520	-0.106983	0.000000	0.000904	0.036355	-0.122592	
0.774000	-0.111469	6.174997	-16.360239	0.010590	-0.111625	0.300000	0.000904	0.037412	-0.116674	
0.777000	-0.114052	6.369516	-13.502575	0.010835	-0.130104	0.300000	0.000904	0.041005	-0.095960	
0.780000	-0.118015	6.693598	-9.117273	0.011211	-0.160892	0.300000	0.000904	0.045867	-0.064255	
0.783000	-0.121305	7.978621	-5.477183	0.011524	-0.282969	0.300000	0.000904	0.056435	-0.037623	
0.786000	-0.125639	8.646751	-0.681261	0.011936	-0.346441	0.300000	0.000904	0.061930	-0.002959	
0.789000	-0.131288	9.359047	5.568645	0.012472	-0.414109	0.300000	0.000904	0.066158	0.042062	
0.792000	-0.137741	10.524997	12.709527	0.013085	-0.524875	0.300000	0.000904	0.071019	0.093635	
0.795000	-0.145012	11.278586	20.754883	0.013776	-0.596466	0.300000	0.000904	0.069328	0.151550	
0.798000	-0.153946	11.391130	30.639765	0.014625	-0.607157	0.300000	0.000904	0.056858	0.222780	
0.801000	-0.163445	10.559019	41.150753	0.015527	-0.528107	0.300000	0.000904	0.031071	0.299506	
0.804000	-0.174495	9.508682	53.377205	0.016577	-0.428325	0.300000	0.000904	-0.007821	0.392085	
0.807000	-0.185503	9.291998	65.557129	0.017623	-0.407740	0.300000	0.000904	-0.051151	0.489947	
0.810000	-0.197482	10.344049	78.811607	0.018761	-0.507685	0.300000	0.000904	-0.104204	0.605987	
0.813000	-0.160733	10.870815	82.612610	0.015270	-0.557727	0.300000	0.000723	-0.121536	0.641920	
0.816000	-0.155551	9.650743	75.445404	0.014777	-0.441821	0.300000	0.000723	-0.092156	0.575551	
0.819000	-0.151914	8.408265	70.414841	0.014432	-0.323785	0.300000	0.000723	-0.077994	0.531798	
0.822000	-0.188784	7.666327	69.187279	0.017934	-0.253301	0.300000	0.000904	-0.078206	0.521652	
0.825000	-0.152277	8.032602	70.916962	0.014466	-0.288097	0.300000	0.000723	-0.083067	0.536448	
0.828000	-0.154784	9.301528	74.384384	0.014705	-0.408645	0.300000	0.000723	-0.089619	0.566250	
0.831000	-0.158286	10.878133	79.226898	0.015037	-0.558423	0.300000	0.000723	-0.102301	0.609369	
0.834000	-0.161601	11.591729	83.812141	0.015352	-0.626214	0.300000	0.000723	-0.123015	0.652911	
0.837000	-0.120448	10.383862	82.423607	0.011443	-0.511467	0.300000	0.000542	-0.124283	0.640651	
0.840000	-0.159049	8.340117	80.283165	0.015110	-0.317311	0.300000	0.000723	-0.128088	0.622263	
0.843000	-0.159300	7.531879	80.630394	0.015134	-0.240529	0.300000	0.000723	-0.136543	0.626701	
0.846000	-0.160400	8.177035	82.151192	0.015238	-0.301818	0.300000	0.000723	-0.140347	0.640863	
0.849000	-0.160661	9.576434	82.512321	0.015263	-0.434761	0.300000	0.000723	-0.131259	0.642554	
0.852000	-0.161202	10.589441	83.261078	0.015314	-0.530997	0.300000	0.000723	-0.127665	0.648683	
0.855000	-0.161104	10.353881	83.124504	0.015305	-0.508619	0.300000	0.000723	-0.128722	0.647627	
0.858000	-0.160684	9.336843	82.544266	0.015265	-0.412000	0.300000	0.000723	-0.133372	0.643188	
0.861000	-0.160381	8.603621	82.125809	0.015236	-0.342344	0.300000	0.000723	-0.136754	0.640017	
0.864000	-0.160401	8.650511	82.153511	0.015238	-0.346799	0.300000	0.000723	-0.136543	0.640229	
0.867000	-0.160658	9.231342	82.508827	0.015263	-0.401978	0.300000	0.000723	-0.134006	0.642976	
0.870000	-0.160820	9.636539	82.733017	0.015278	-0.440471	0.300000	0.000723	-0.132104	0.644667	
0.873000	-0.160673	9.377668	82.528473	0.015264	-0.415878	0.000000	0.000723	-0.132949	0.642976	
0.876000	-0.160110	8.193420	81.749931	0.015210	-0.303375	0.000000	0.000723	-0.137811	0.636847	
0.879000	-0.159463	6.698613	80.855392	0.015149	-0.161368	0.000000	0.000723	-0.144575	0.630083	
0.882000	-0.159201	6.122290	80.493439	0.015124	-0.106618	0.000000	0.000723	-0.147111	0.627335	
0.885000	-0.159466	6.727833	80.859650	0.015149	-0.164144	0.000000	0.000723	-0.144363	0.630083	
0.888000	-0.159891	7.708137	81.447693	0.015190	-0.257273	0.000000	0.000723	-0.139925	0.634522	
0.891000	-0.160156	8.345547	81.813576	0.015215	-0.317827	0.000000	0.000723	-0.136965	0.637270	
0.894000	-0.160055	8.111518	81.674629	0.015205	-0.295594	0.000000	0.000723	-0.138022	0.636213	
0.897000	-0.159813	7.550447	81.340157	0.015182	-0.242293	0.000000	0.000723	-0.140559	0.633676	
0.900000	-0.159652	7.176873	81.116386	0.015167	-0.206803	0.000000	0.000723	-0.142250	0.631985	
0.903000	-0.159692	7.270231	81.172394	0.015171	-0.215672	0.000000	0.000723	-0.141827	0.632408	
0.906000	-0.159773	7.457018	81.284279	0.015178	-0.233417	0.000000	0.000723	-0.140981	0.633254	
0.909000	-0.159773	7.457018	81.284279	0.015178	-0.233417	0.000000	0.000723	-0.140981	0.633254	
0.912000	-0.159753	7.410313	81.256317	0.015177	-0.228980	0.000000	0.000723	-0.141193	0.633042	
0.915000	-0.159773	7.457018	81.284279	0.015178	-0.233417	0.000000	0.000723	-0.140981	0.633254	
0.918000	-0.159753	7.410313	81.256317	0.015177	-0.228980	0.000000	0.000723	-0.141193	0.633042	
0.921000	-0.159753	7.410313	81.256317	0.015177	-0.228980	0.000000	0.000723	-0.141193	0.633042	
0.924000	-0.159773	7.457018	81.284279	0.015178	-0.233417	0.000000	0.000723	-0.140981	0.633254	
0.927000	-0.159770	7.427784	81.280121	0.015178	-0.230639	0.000000	0.000723	-0.141193	0.633254	
0.930000	-0.159773	7.457018	81.284279	0.015178	-0.233417	0.000000	0.000723	-0.140981	0.633254	
0.933000	-0.159773	7.457018	81.284279	0.015178	-0.233417	0.000000	0.000723	-0.140981	0.633254	
0.936000	-0.159773	7.457018	81.284279	0.015178	-0.233417	0.000000	0.000723	-0.140981	0.633254	
0.939000	-0.159773	7.457018	81.284279	0.015178	-0.233417	0.000000	0.000723	-0.140981	0.633254	
0.942000	-0.159773	7.457018	81.284279	0.015178	-0.233417	0.000000	0.000723	-0.140981	0.633254	
0.945000	-0.159773	7.457018	81.284279	0.015178	-0.233417	0.000000	0.000723	-0.140981	0.633254	
0.948000	-0.159773	7.457018	81.284279	0.015178	-0.233417	0.000000	0.000723	-0.140981	0.633254	
0.951000	-0.159773	7.457018	81.284279	0.015178	-0.233417	0.000000	0.000723	-0.140981	0.633254	
0.954000	-0.159773	7.457018	81.284279	0.015178	-0.233417	0.000000	0.000723	-0.140981	0.633254	
0.957000	-0.159773	7.457018	81.284279	0.015178	-0.233417	0.000000	0.000723	-0.140981	0.633254	
0.960000	-0.159773	7.457018	81.284279	0.015178	-0.233417	0.000000	0.000723	-0.140981	0.633254	
0.963000	-0.159773	7.457018	81.284279	0.015178	-0.233417	0.000000	0.000723	-0.140981	0.633254	
0.966000	-0.159773	7.457018	81.284279	0.015178	-0.233417	0.000000	0.000723	-0.140981	0.633254	
0.969000	-0.159773	7.457018	81.284279	0.015178	-0.233417	0.000000	0.000723	-0.140981	0.633254	
0.972000	-0.159773	7.457018	81.284279	0.015178	-0.233417	0.000000	0.000723	-0.140981	0.633254	
0.975000	-0.159773	7.457018	81.284279	0.015178	-0.233417	0.000000	0.000723	-0.140981	0.633254	
0.978000	-0.159773	7.457018	81.284279	0.015178	-0.233417	0.000000	0.000723	-0.140981	0.633254	
0.981000	-0.159773	7.457018	81.284279	0.015178	-0.233417	0.000000	0.000723	-0.140981	0.633254	
0.984000	-0.159773	7.457018	81.284279	0.015178	-0.233417	0.000000	0.000723	-0.140981	0.633254	
0.987000	-0.159773	7.457018	81.284279	0.015178	-0.233417	0.000000	0.000723	-0.140981	0.633254	
0.990000	-0.159773	7.457018	81.284279	0.015178	-0.233417	0.000000	0.000723	-0.140981	0.633254	
0.993000	-0.159773	7.457018	81.284279	0.015178	-0.233417	0.000000	0.000723	-0.140981	0.633254	
0.996000	-0.159773	7.457018	81.284279	0.015178	-0.233417	0.000000	0.000723	-0.140981	0.633254	
0.999000	-0.159773	7.457018	81.284279	0.015178	-0.233417	0.000000	0.000723	-0.140981	0.633254	
1.002000	-0.159773	7.457018	81.284279	0.015178	-0.233417	0.000000	0.000723	-0.140981	0.633254	
1.005000	-0.159773	7.457018	81.284279	0.015178	-0.233417	0.000000	0.000723	-0.140981	0.633254	
1.008000	-0.159773	7.457018	81.284279	0.015178	-0.233417	0.000000	0.000723	-0.140981	0.633254	
1.011000	-0.159773	7.457018	81.284279	0.015178	-0.233417	0.000000	0.000723	-0.140981	0.633254	
1.014000	-0.159773	7.457018	81.284279	0.015178	-0.233417	0.000000	0.000723	-0.140981	0.633254	
1.017000	-0.159773	7.457018	81.284279	0.015178	-0.233417	0.000000	0.000723	-0.140981	0.633254	
1.020000	-0.159773	7.457018	81.284279	0.015178	-0.233417	0.000000	0.000723	-0.140981	0.633254	
1.023000	-0.159773	7.457018	81.284279	0.015178	-0.233417	0.000000	0.000723	-0.140981	0.633254	
1.026000	-0.159773	7.457018	81.284279	0.015178	-0.233417	0.000000	0.000723	-0.140981	0.633254	
1.029000	-0.159773	7.457018	81.284279	0.015178	-0.233417	0.000000	0.000723	-0.140981	0.633254	
1.032000	-0.159773	7.457018	81.284279	0.015178	-0.233417	0.000000	0.000723	-0.140981	0.633254	
1.035000	-0.159773	7.457018	81.284279	0.015178	-0.233417	0.000000	0.000723	-0.140981	0.633254	
1.038000	-0.159773	7.457018	81.284279	0.015178	-0.233417	0.000000	0.000723	-0.140981	0.633254	
1.041000	-0.159773	7.457018	81.284279	0.015178	-0.233417	0.000000	0.000723	-0.140981	0.633254	
1.044000	-0.159773	7.457018	81.284279	0.015178	-0.233417	0.000000	0.000723	-0.140981	0.633254	
1.047000	-0.159773	7.457018	81.284279	0.015178	-0.233417	0.000000	0.000723	-0.140981	0.633254	
1.050000	-0.159773	7.457018	81.284279	0.015178	-0.233417	0.000000	0.000723	-0.140981	0.633254	
1.053000	-0.159773	7.457018	81.284279	0.015178	-0.233417	0.000000	0.000723	-0.140981	0.633254	
1.056000	-0.159773	7.457018	81.284279	0.015178	-0.233417	0.000000	0.000723	-0.140981	0.633254	
1.059000	-0.159773	7.457018	81.284279	0.015178	-0.233417	0.000000	0.000723	-0.140981	0.633254	
1.062000	-0.159773	7.457018	81.284279	0.015178	-0.233417	0.000000	0.000723	-0.140981	0.633254	
1.065000	-0.159807	7.491976	81.331871	0.015182	-0.236738	0.300000	0.000723	-0.140981	0.633676	
1.068000	-0.160169	8.175957	81.832657	0.015216	-0.301716	0.300000	0.000723	-0.138445	0.637692	
1.071000	-0.160747	9.507062	82.630783	0.015271	-0.428171	0.300000	0.000723	-0.132527	0.643822	
1.074000	-0.161084	10.306787	83.097160	0.015303	-0.504145	0.300000	0.000723	-0.128933	0.647415	
1.077000	-0.160985	10.071400	82.960289	0.015294	-0.481783	0.300000	0.000723	-0.129990	0.646358	
1.080000	-0.160684	9.336843	82.544266	0.015265	-0.412000	0.300000	0.000723	-0.133372	0.643188	
1.083000	-0.160447	8.802818	82.216896	0.015242	-0.361268	0.300000	0.000723	-0.135697	0.640651	
1.086000	-0.160507	8.943563	82.299850	0.015248	-0.374638	0.300000	0.000723	-0.135063	0.641286	
1.089000	-0.160664	9.289870	82.516701	0.015263	-0.407538	0.300000	0.000723	-0.133584	0.642976	
1.092000	-0.160707	9.413087	82.575729	0.015267	-0.419243	0.300000	0.000723	-0.132949	0.643399	
1.095000	-0.160647	9.272168	82.493073	0.015261	-0.405856	0.300000	0.000723	-0.133584	0.642765	
1.098000	-0.160647	9.272168	82.493073	0.015261	-0.405856	0.300000	0.000723	-0.133584	0.642765	
1.101000	-0.160667	9.319136	82.520638	0.015263	-0.410318	0.300000	0.000723	-0.133372	0.642976	
1.104000	-0.160647	9.272168	82.493073	0.015261	-0.405856	0.300000	0.000723	-0.133584	0.642765	
1.107000	-0.160664	9.289870	82.516701	0.015263	-0.407538	0.300000	0.000723	-0.133584	0.642976	
1.110000	-0.160667	9.319136	82.520638	0.015263	-0.410318	0.300000	0.000723	-0.133372	0.642976	
1.113000	-0.160647	9.272168	82.493073	0.015261	-0.405856	0.300000	0.000723	-0.133584	0.642765	
1.116000	-0.160667	9.319136	82.520638	0.015263	-0.410318	0.300000	0.000723	-0.133372	0.642976	
1.119000	-0.160664	9.289870	82.516701	0.015263	-0.407538	0.300000	0.000723	-0.133584	0.642976	
1.122000	-0.160647	9.272168	82.493073	0.015261	-0.405856	0.300000	0.000723	-0.133584	0.642765	
1.125000	-0.160667	9.319136	82.520638	0.015263	-0.410318	0.300000	0.000723	-0.133372	0.642976	
1.128000	-0.160647	9.272168	82.493073	0.015261	-0.405856	0.300000	0.000723	-0.133584	0.642765	
1.131000	-0.160664	9.289870	82.516701	0.015263	-0.407538	0.300000	0.000723	-0.133584	0.642976	
1.134000	-0.160667	9.319136	82.520638	0.015263	-0.410318	0.300000	0.000723	-0.133372	0.642976	
1.137000	-0.160647	9.272168	82.493073	0.015261	-0.405856	0.300000	0.000723	-0.133584	0.642765	
1.140000	-0.160667	9.319136	82.520638	0.015263	-0.410318	0.300000	0.000723	-0.133372	0.642976	
1.143000	-0.160647	9.272168	82.493073	0.015261	-0.405856	0.300000	0.000723	-0.133584	0.642765	
1.146000	-0.160647	9.272168	82.493073	0.015261	-0.405856	0.300000	0.000723	-0.133584	0.642765	
1.149000	-0.160667	9.319136	82.520638	0.015263	-0.410318	0.300000	0.000723	-0.133372	0.642976	
1.152000	-0.160647	9.272168	82.493073	0.015261	-0.405856	0.300000	0.000723	-0.133584	0.642765	
1.155000	-0.160664	9.289870	82.516701	0.015263	-0.407538	0.300000	0.000723	-0.133584	0.642976	
1.158000	-0.160664	9.289870	82.516701	0.015263	-0.407538	0.300000	0.000723	-0.133584	0.642976	
1.161000	-0.160647	9.272168	82.493073	0.015261	-0.405856	0.300000	0.000723	-0.133584	0.642765	
1.164000	-0.160667	9.319136	82.520638	0.015263	-0.410318	0.300000	0.000723	-0.133372	0.642976	
1.167000	-0.160647	9.272168	82.493073	0.015261	-0.405856	0.300000	0.000723	-0.133584	0.642765	
1.170000	-0.160664	9.289870	82.516701	0.015263	-0.407538	0.300000	0.000723	-0.133584	0.642976	
1.173000	-0.160664	9.289870	82.516701	0.015263	-0.407538	0.300000	0.000723	-0.133584	0.642976	
1.176000	-0.160647	9.272168	82.493073	0.015261	-0.405856	0.300000	0.000723	-0.133584	0.642765	
1.179000	-0.160664	9.289870	82.516701	0.015263	-0.407538	0.300000	0.000723	-0.133584	0.642976	
1.182000	-0.160664	9.289870	82.516701	0.015263	-0.407538	0.300000	0.000723	-0.133584	0.642976	
1.185000	-0.160647	9.272168	82.493073	0.015261	-0.405856	0.300000	0.000723	-0.133584	0.642765	
1.188000	-0.160664	9.289870	82.516701	0.015263	-0.407538	0.300000	0.000723	-0.133584	0.642976	
1.191000	-0.160664	9.289870	82.516701	0.015263	-0.407538	0.300000	0.000723	-0.133584	0.642976	
1.194000	-0.160664	9.289870	82.516701	0.015263	-0.407538	0.300000	0.000723	-0.133584	0.642976	
1.197000	-0.160664	9.289870	82.516701	0.015263	-0.407538	0.300000	0.000723	-0.133584	0.642976	
1.200000	-0.160664	9.289870	82.516701	0.015263	-0.407538	0.300000	0.000723	-0.133584	0.642976	
1.203000	-0.160664	9.289870	82.516701	0.015263	-0.407538	0.300000	0.000723	-0.133584	0.642976	
1.206000	-0.160664	9.289870	82.516701	0.015263	-0.407538	0.300000	0.000723	-0.133584	0.642976	
1.209000	-0.160664	9.289870	82.516701	0.015263	-0.407538	0.300000	0.000723	-0.133584	0.642976	
1.212000	-0.160664	9.289870	82.516701	0.015263	-0.407538	0.300000	0.000723	-0.133584	0.642976	
1.215000	-0.160664	9.289870	82.516701	0.015263	-0.407538	0.300000	0.000723	-0.133584	0.642976	
1.218000	-0.160664	9.289870	82.516701	0.015263	-0.407538	0.300000	0.000723	-0.133584	0.642976	
1.221000	-0.160664	9.289870	82.516701	0.015263	-0.407538	0.300000	0.000723	-0.133584	0.642976	
1.224000	-0.160664	9.289870	82.516701	0.015263	-0.407538	0.300000	0.000723	-0.133584	0.642976	
1.227000	-0.160664	9.289870	82.516701	0.015263	-0.407538	0.300000	0.000723	-0.133584	0.642976	
1.230000	-0.160664	9.289870	82.516701	0.015263	-0.407538	0.300000	0.000723	-0.133584	0.642976	
1.233000	-0.160664	9.289870	82.516701	0.015263	-0.407538	0.300000	0.000723	-0.133584	0.642976	
1.236000	-0.160664	9.289870	82.516701	0.015263	-0.407538	0.300000	0.000723	-0.133584	0.642976	
1.239000	-0.160664	9.289870	82.516701	0.015263	-0.407538	0.300000	0.000723	-0.133584	0.642976	
1.242000	-0.160664	9.289870	82.516701	0.015263	-0.407538	0.300000	0.000723	-0.133584	0.642976	
1.245000	-0.160664	9.289870	82.516701	0.015263	-0.407538	0.300000	0.000723	-0.133584	0.642976	
1.248000	-0.160664	9.289870	82.516701	0.015263	-0.407538	0.300000	0.000723	-0.133584	0.642976	
1.251000	-0.160664	9.289870	82.516701	0.015263	-0.407538	0.300000	0.000723	-0.133584	0.642976	
1.254000	-0.160664	9.289870	82.516701	0.015263	-0.407538	0.300000	0.000723	-0.133584	0.642976	
1.257000	-0.160664	9.289870	82.516701	0.015263	-0.407538	0.300000	0.000723	-0.133584	0.642976	
1.260000	-0.160422	8.855303	82.181496	0.015240	-0.366254	0.000000	0.000723	-0.135063	0.640229	
1.263000	-0.159902	7.667166	81.463226	0.015191	-0.253381	0.000000	0.000723	-0.140347	0.634733	
1.266000	-0.159477	6.686794	80.874992	0.015150	-0.160245	0.000000	0.000723	-0.144786	0.630294	
1.269000	-0.159436	6.593562	80.818748	0.015146	-0.151388	0.000000	0.000723	-0.145209	0.629872	
1.272000	-0.159700	7.199997	81.183655	0.015172	-0.209000	0.000000	0.000723	-0.142461	0.632620	
1.275000	-0.159963	7.807433	81.546898	0.015196	-0.266706	0.000000	0.000723	-0.139713	0.635367	
1.278000	-0.160003	7.900972	81.602638	0.015200	-0.275592	0.000000	0.000723	-0.139290	0.635790	
1.281000	-0.159882	7.620423	81.435310	0.015189	-0.248940	0.000000	0.000723	-0.140559	0.634522	
1.284000	-0.159801	7.433508	81.323563	0.015181	-0.231183	0.000000	0.000723	-0.141404	0.633676	
1.287000	-0.159822	7.480228	81.351517	0.015183	-0.235622	0.000000	0.000723	-0.141193	0.633888	
1.290000	-0.159842	7.526954	81.379456	0.015185	-0.240061	0.000000	0.000723	-0.140981	0.634099	
1.293000	-0.159822	7.480228	81.351517	0.015183	-0.235622	0.000000	0.000723	-0.141193	0.633888	
1.296000	-0.159842	7.526954	81.379456	0.015185	-0.240061	0.000000	0.000723	-0.140981	0.634099	
1.299000	-0.159842	7.526954	81.379456	0.015185	-0.240061	0.000000	0.000723	-0.140981	0.634099	
1.302000	-0.159822	7.480228	81.351517	0.015183	-0.235622	0.000000	0.000723	-0.141193	0.633888	
1.305000	-0.159842	7.526954	81.379456	0.015185	-0.240061	0.000000	0.000723	-0.140981	0.634099	
1.308000	-0.159822	7.480228	81.351517	0.015183	-0.235622	0.000000	0.000723	-0.141193	0.633888	
1.311000	-0.159825	7.509462	81.355667	0.015183	-0.238399	0.000000	0.000723	-0.140981	0.633888	
1.314000	-0.159842	7.526954	81.379456	0.015185	-0.240061	0.000000	0.000723	-0.140981	0.634099	
1.317000	-0.159822	7.480228	81.351517	0.015183	-0.235622	0.000000	0.000723	-0.141193	0.633888	
1.320000	-0.159842	7.526954	81.379456	0.015185	-0.240061	0.000000	0.000723	-0.140981	0.634099	
1.323000	-0.159822	7.480228	81.351517	0.015183	-0.235622	0.000000	0.000723	-0.141193	0.633888	
1.326000	-0.159822	7.480228	81.351517	0.015183	-0.235622	0.000000	0.000723	-0.141193	0.633888	
1.329000	-0.159842	7.526954	81.379456	0.015185	-0.240061	0.000000	0.000723	-0.140981	0.634099	
1.332000	-0.159822	7.480228	81.351517	0.015183	-0.235622	0.000000	0.000723	-0.141193	0.633888	
1.335000	-0.159842	7.526954	81.379456	0.015185	-0.240061	0.000000	0.000723	-0.140981	0.634099	
1.338000	-0.159825	7.509462	81.355667	0.015183	-0.238399	0.000000	0.000723	-0.140981	0.633888	
1.341000	-0.159822	7.480228	81.351517	0.015183	-0.235622	0.000000	0.000723	-0.141193	0.633888	
1.344000	-0.159842	7.526954	81.379456	0.015185	-0.240061	0.000000	0.000723	-0.140981	0.634099	
1.347000	-0.159822	7.480228	81.351517	0.015183	-0.235622	0.000000	0.000723	-0.141193	0.633888	
1.350000	-0.159842	7.526954	81.379456	0.015185	-0.240061	0.000000	0.000723	-0.140981	0.634099	
1.353000	-0.159825	7.509462	81.355667	0.015183	-0.238399	0.000000	0.000723	-0.140981	0.633888	
1.356000	-0.159822	7.480228	81.351517	0.015183	-0.235622	0.000000	0.000723	-0.141193	0.633888	
1.359000	-0.159842	7.526954	81.379456	0.015185	-0.240061	0.000000	0.000723	-0.140981	0.634099	
1.362000	-0.159822	7.480228	81.351517	0.015183	-0.235622	0.000000	0.000723	-0.141193	0.633888	
1.365000	-0.159842	7.526954	81.379456	0.015185	-0.240061	0.000000	0.000723	-0.140981	0.634099	
1.368000	-0.159825	7.509462	81.355667	0.015183	-0.238399	0.000000	0.000723	-0.140981	0.633888	
1.371000	-0.159822	7.480228	81.351517	0.015183	-0.235622	0.000000	0.000723	-0.141193	0.633888	
1.374000	-0.159842	7.526954	81.379456	0.015185	-0.240061	0.000000	0.000723	-0.140981	0.634099	
1.377000	-0.159822	7.480228	81.351517	0.015183	-0.235622	0.000000	0.000723	-0.141193	0.633888	
1.380000	-0.159825	7.509462	81.355667	0.015183	-0.238399	0.000000	0.000723	-0.140981	0.633888	
1.383000	-0.159825	7.509462	81.355667	0.015183	-0.238399	0.000000	0.000723	-0.140981	0.633888	
1.386000	-0.159822	7.480228	81.351517	0.015183	-0.235622	0.000000	0.000723	-0.141193	0.633888	
1.389000	-0.159842	7.526954	81.379456	0.015185	-0.240061	0.000000	0.000723	-0.140981	0.634099	
1.392000	-0.159822	7.480228	81.351517	0.015183	-0.235622	0.000000	0.000723	-0.141193	0.633888	
1.395000	-0.159842	7.526954	81.379456	0.015185	-0.240061	0.000000	0.000723	-0.140981	0.634099	
1.398000	-0.159825	7.509462	81.355667	0.015183	-0.238399	0.000000	0.000723	-0.140981	0.633888	
1.401000	-0.159822	7.480228	81.351517	0.015183	-0.235622	0.000000	0.000723	-0.141193	0.633888	
1.404000	-0.159842	7.526954	81.379456	0.015185	-0.240061	0.000000	0.000723	-0.140981	0.634099	
1.407000	-0.159822	7.480228	81.351517	0.015183	-0.235622	0.000000	0.000723	-0.141193	0.633888	
1.410000	-0.159842	7.526954	81.379456	0.015185	-0.240061	0.000000	0.000723	-0.140981	0.634099	
1.413000	-0.159825	7.509462	81.355667	0.015183	-0.238399	0.000000	0.000723	-0.140981	0.633888	
1.416000	-0.159822	7.480228	81.351517	0.015183	-0.235622	0.000000	0.000723	-0.141193	0.633888	
1.419000	-0.159842	7.526954	81.379456	0.015185	-0.240061	0.000000	0.000723	-0.140981	0.634099	
1.422000	-0.159822	7.480228	81.351517	0.015183	-0.235622	0.000000	0.000723	-0.141193	0.633888	
1.425000	-0.159842	7.526954	81.379456	0.015185	-0.240061	0.000000	0.000723	-0.140981	0.634099	
1.428000	-0.159825	7.509462	81.355667	0.015183	-0.238399	0.000000	0.000723	-0.140981	0.633888	
1.431000	-0.159822	7.480228	81.351517	0.015183	-0.235622	0.000000	0.000723	-0.141193	0.633888	
1.434000	-0.159842	7.526954	81.379456	0.015185	-0.240061	0.000000	0.000723	-0.140981	0.634099	
1.437000	-0.159822	7.480228	81.351517	0.015183	-0.235622	0.000000	0.000723	-0.141193	0.633888	
1.440000	-0.159842	7.526954	81.379456	0.015185	-0.240061	0.000000	0.000723	-0.140981	0.634099	
1.443000	-0.159825	7.509462	81.355667	0.015183	-0.238399	0.000000	0.000723	-0.140981	0.633888	
1.446000	-0.159822	7.480228	81.351517	0.015183	-0.235622	0.000000	0.000723	-0.141193	0.633888	
1.449000	-0.159842	7.526954	81.379456	0.015185	-0.240061	0.000000	0.000723	-0.140981	0.634099	
1.452000	-0.159988	7.754774	81.582062	0.015199	-0.261704	0.300000	0.000723	-0.140347	0.635790	
1.455000	-0.160447	8.802818	82.216896	0.015242	-0.361268	0.300000	0.000723	-0.135697	0.640651	
1.458000	-0.160925	9.930237	82.878052	0.015288	-0.468372	0.300000	0.000723	-0.130624	0.645724	
1.461000	-0.161084	10.306787	83.097160	0.015303	-0.504145	0.300000	0.000723	-0.128933	0.647415	
1.464000	-0.160846	9.742101	82.768257	0.015280	-0.450500	0.300000	0.000723	-0.131470	0.644879	
1.467000	-0.160547	9.037420	82.355110	0.015252	-0.383555	0.300000	0.000723	-0.134640	0.641708	
1.470000	-0.160464	8.820471	82.240562	0.015244	-0.362945	0.300000	0.000723	-0.135697	0.640863	
1.473000	-0.160587	9.131302	82.410324	0.015256	-0.392474	0.300000	0.000723	-0.134218	0.642131	
1.476000	-0.160687	9.366109	82.548187	0.015265	-0.414780	0.300000	0.000723	-0.133161	0.643188	
1.479000	-0.160667	9.319136	82.520638	0.015263	-0.410318	0.300000	0.000723	-0.133372	0.642976	
1.482000	-0.160644	9.242904	82.489136	0.015261	-0.403076	0.300000	0.000723	-0.133795	0.642765	
1.485000	-0.160667	9.319136	82.520638	0.015263	-0.410318	0.300000	0.000723	-0.133372	0.642976	
1.488000	-0.160647	9.272168	82.493073	0.015261	-0.405856	0.300000	0.000723	-0.133584	0.642765	
1.491000	-0.160647	9.272168	82.493073	0.015261	-0.405856	0.300000	0.000723	-0.133584	0.642765	
1.494000	-0.160667	9.319136	82.520638	0.015263	-0.410318	0.300000	0.000723	-0.133372	0.642976	
1.497000	-0.160647	9.272168	82.493073	0.015261	-0.405856	0.300000	0.000723	-0.133584	0.642765	
1.500000	-0.160647	9.272168	82.493073	0.015261	-0.405856	0.300000	0.000723	-0.133584	0.642765	
1.503000	-0.160664	9.289870	82.516701	0.015263	-0.407538	0.300000	0.000723	-0.133584	0.642976	
1.506000	-0.160647	9.272168	82.493073	0.015261	-0.405856	0.300000	0.000723	-0.133584	0.642765	
1.509000	-0.160647	9.272168	82.493073	0.015261	-0.405856	0.300000	0.000723	-0.133584	0.642765	
1.512000	-0.160664	9.289870	82.516701	0.015263	-0.407538	0.300000	0.000723	-0.133584	0.642976	
1.515000	-0.160647	9.272168	82.493073	0.015261	-0.405856	0.300000	0.000723	-0.133584	0.642765	
1.518000	-0.160647	9.272168	82.493073	0.015261	-0.405856	0.300000	0.000723	-0.133584	0.642765	
1.521000	-0.160647	9.272168	82.493073	0.015261	-0.405856	0.300000	0.000723	-0.133584	0.642765	
1.524000	-0.160647	9.272168	82.493073	0.015261	-0.405856	0.300000	0.000723	-0.133584	0.642765	
1.527000	-0.160664	9.289870	82.516701	0.015263	-0.407538	0.300000	0.000723	-0.133584	0.642976	
1.530000	-0.160647	9.272168	82.493073	0.015261	-0.405856	0.300000	0.000723	-0.133584	0.642765	
1.533000	-0.160647	9.272168	82.493073	0.015261	-0.405856	0.300000	0.000723	-0.133584	0.642765	
1.536000	-0.160664	9.289870	82.516701	0.015263	-0.407538	0.300000	0.000723	-0.133584	0.642976	
1.539000	-0.160647	9.272168	82.493073	0.015261	-0.405856	0.300000	0.000723	-0.133584	0.642765	
1.542000	-0.160664	9.289870	82.516701	0.015263	-0.407538	0.300000	0.000723	-0.133584	0.642976	
1.545000	-0.160664	9.289870	82.516701	0.015263	-0.407538	0.300000	0.000723	-0.133584	0.642976	
1.548000	-0.160647	9.272168	82.493073	0.015261	-0.405856	0.300000	0.000723	-0.133584	0.642765	
1.551000	-0.160664	9.289870	82.516701	0.015263	-0.407538	0.300000	0.000723	-0.133584	0.642976	
1.554000	-0.160647	9.272168	82.493073	0.015261	-0.405856	0.300000	0.000723	-0.133584	0.642765	
1.557000	-0.160647	9.272168	82.493073	0.015261	-0.405856	0.300000	0.000723	-0.133584	0.642765	
1.560000	-0.160647	9.272168	82.493073	0.015261	-0.405856	0.300000	0.000723	-0.133584	0.642765	
1.563000	-0.160647	9.272168	82.493073	0.015261	-0.405856	0.300000	0.000723	-0.133584	0.642765	
1.566000	-0.160647	9.272168	82.493073	0.015261	-0.405856	0.300000	0.000723	-0.133584	0.642765	
1.569000	-0.160647	9.272168	82.493073	0.015261	-0.405856	0.300000	0.000723	-0.133584	0.642765	
1.572000	-0.160647	9.272168	82.493073	0.015261	-0.405856	0.300000	0.000723	-0.133584	0.642765	
1.575000	-0.160647	9.272168	82.493073	0.015261	-0.405856	0.300000	0.000723	-0.133584	0.642765	
1.578000	-0.160647	9.272168	82.493073	0.015261	-0.405856	0.300000	0.000723	-0.133584	0.642765	
1.581000	-0.160647	9.272168	82.493073	0.015261	-0.405856	0.300000	0.000723	-0.133584	0.642765	
1.584000	-0.160647	9.272168	82.493073	0.015261	-0.405856	0.300000	0.000723	-0.133584	0.642765	
1.587000	-0.160647	9.272168	82.493073	0.015261	-0.405856	0.300000	0.000723	-0.133584	0.642765	
1.590000	-0.160647	9.272168	82.493073	0.015261	-0.405856	0.300000	0.000723	-0.133584	0.642765	
1.593000	-0.160647	9.272168	82.493073	0.015261	-0.405856	0.300000	0.000723	-0.133584	0.642765	
1.596000	-0.160647	9.272168	82.493073	0.015261	-0.405856	0.300000	0.000723	-0.133584	0.642765	
1.599000	-0.160647	9.272168	82.493073	0.015261	-0.405856	0.300000	0.000723	-0.133584	0.642765	
1.602000	-0.160647	9.272168	82.493073	0.015261	-0.405856	0.300000	0.000723	-0.133584	0.642765	
1.605000	-0.160647	9.272168	82.493073	0.015261	-0.405856	0.300000	0.000723	-0.133584	0.642765	
1.608000	-0.160647	9.272168	82.493073	0.015261	-0.405856	0.300000	0.000723	-0.133584	0.642765	
1.611000	-0.160647	9.272168	82.493073	0.015261	-0.405856	0.300000	0.000723	-0.133584	0.642765	
1.614000	-0.160647	9.272168	82.493073	0.015261	-0.405856	0.300000	0.000723	-0.133584	0.642765	
1.617000	-0.160647	9.272168	82.493073	0.015261	-0.405856	0.300000	0.000723	-0.133584	0.642765	
1.620000	-0.160647	9.272168	82.493073	0.015261	-0.405856	0.300000	0.000723	-0.133584	0.642765	
1.623000	-0.160647	9.272168	82.493073	0.015261	-0.405856	0.300000	0.000723	-0.133584	0.642765	
1.626000	-0.160647	9.272168	82.493073	0.015261	-0.405856	0.300000	0.000723	-0.133584	0.642765	
1.629000	-0.160647	9.272168	82.493073	0.015261	-0.405856	0.300000	0.000723	-0.133584	0.642765	
1.632000	-0.160647	9.272168	82.493073	0.015261	-0.405856	0.300000	0.000723	-0.133584	0.642765	
1.635000	-0.160647	9.272168	82.493073	0.015261	-0.405856	0.300000	0.000723	-0.133584	0.642765	
1.638000	-0.160647	9.272168	82.493073	0.015261	-0.405856	0.300000	0.000723	-0.133584	0.642765	
1.641000	-0.160647	9.272168	82.493073	0.015261	-0.405856	0.300000	0.000723	-0.133584	0.642765	
1.644000	-0.160576	9.172147	82.394562	0.015255	-0.396354	0.000000	0.000723	-0.133795	0.641920	
1.647000	-0.160201	8.339776	81.876678	0.015219	-0.317279	0.000000	0.000723	-0.137388	0.637904	
1.650000	-0.159660	7.106634	81.127625	0.015168	-0.200130	0.000000	0.000723	-0.142884	0.632197	
1.653000	-0.159396	6.500353	80.762459	0.015143	-0.142534	0.000000	0.000723	-0.145631	0.629449	
1.656000	-0.159538	6.826687	80.959290	0.015156	-0.173535	0.000000	0.000723	-0.144152	0.630929	
1.659000	-0.159859	7.544450	81.403244	0.015187	-0.241723	0.000000	0.000723	-0.140981	0.634310	
1.662000	-0.160023	7.947752	81.630493	0.015202	-0.280036	0.000000	0.000723	-0.139079	0.636001	
1.665000	-0.159943	7.760671	81.519020	0.015195	-0.262264	0.000000	0.000723	-0.139925	0.635156	
1.668000	-0.159822	7.480228	81.351517	0.015183	-0.235622	0.000000	0.000723	-0.141193	0.633888	
1.671000	-0.159801	7.433508	81.323563	0.015181	-0.231183	0.000000	0.000723	-0.141404	0.633676	
1.674000	-0.159842	7.526954	81.379456	0.015185	-0.240061	0.000000	0.000723	-0.140981	0.634099	
1.677000	-0.159822	7.480228	81.351517	0.015183	-0.235622	0.000000	0.000723	-0.141193	0.633888	
1.680000	-0.159822	7.480228	81.351517	0.015183	-0.235622	0.000000	0.000723	-0.141193	0.633888	
1.683000	-0.159842	7.526954	81.379456	0.015185	-0.240061	0.000000	0.000723	-0.140981	0.634099	
1.686000	-0.159822	7.480228	81.351517	0.015183	-0.235622	0.000000	0.000723	-0.141193	0.633888	
1.689000	-0.159839	7.497719	81.375305	0.015185	-0.237283	0.000000	0.000723	-0.141193	0.634099	
1.692000	-0.159842	7.526954	81.379456	0.015185	-0.240061	0.000000	0.000723	-0.140981	0.634099	
1.695000	-0.159822	7.480228	81.351517	0.015183	-0.235622	0.000000	0.000723	-0.141193	0.633888	
1.698000	-0.159842	7.526954	81.379456	0.015185	-0.240061	0.000000	0.000723	-0.140981	0.634099	
1.701000	-0.159839	7.497719	81.375305	0.015185	-0.237283	0.000000	0.000723	-0.141193	0.634099	
1.704000	-0.159822	7.480228	81.351517	0.015183	-0.235622	0.000000	0.000723	-0.141193	0.633888	
1.707000	-0.159842	7.526954	81.379456	0.015185	-0.240061	0.000000	0.000723	-0.140981	0.634099	
1.710000	-0.159822	7.480228	81.351517	0.015183	-0.235622	0.000000	0.000723	-0.141193	0.633888	
1.713000	-0.159842	7.526954	81.379456	0.015185	-0.240061	0.000000	0.000723	-0.140981	0.634099	
1.716000	-0.159842	7.526954	81.379456	0.015185	-0.240061	0.000000	0.000723	-0.140981	0.634099	
1.719000	-0.159822	7.480228	81.351517	0.015183	-0.235622	0.000000	0.000723	-0.141193	0.633888	
1.722000	-0.159842	7.526954	81.379456	0.015185	-0.240061	0.000000	0.000723	-0.140981	0.634099	
1.725000	-0.159839	7.497719	81.375305	0.015185	-0.237283	0.000000	0.000723	-0.141193	0.634099	
1.728000	-0.159839	7.497719	81.375305	0.015185	-0.237283	0.000000	0.000723	-0.141193	0.634099	
1.731000	-0.159842	7.526954	81.379456	0.015185	-0.240061	0.000000	0.000723	-0.140981	0.634099	
1.734000	-0.159822	7.480228	81.351517	0.015183	-0.235622	0.000000	0.000723	-0.141193	0.633888	
1.737000	-0.159842	7.526954	81.379456	0.015185	-0.240061	0.000000	0.000723	-0.140981	0.634099	
1.740000	-0.159839	7.497719	81.375305	0.015185	-0.237283	0.000000	0.000723	-0.141193	0.634099	
1.743000	-0.159839	7.497719	81.375305	0.015185	-0.237283	0.000000	0.000723	-0.141193	0.634099	
1.746000	-0.159842	7.526954	81.379456	0.015185	-0.240061	0.000000	0.000723	-0.140981	0.634099	
1.749000	-0.159822	7.480228	81.351517	0.015183	-0.235622	0.000000	0.000723	-0.141193	0.633888	
1.752000	-0.159842	7.526954	81.379456	0.015185	-0.240061	0.000000	0.000723	-0.140981	0.634099	
1.755000	-0.159842	7.526954	81.379456	0.015185	-0.240061	0.000000	0.000723	-0.140981	0.634099	
1.758000	-0.159822	7.480228	81.351517	0.015183	-0.235622	0.000000	0.000723	-0.141193	0.633888	
1.761000	-0.159842	7.526954	81.379456	0.015185	-0.240061	0.000000	0.000723	-0.140981	0.634099	
1.764000	-0.159822	7.480228	81.351517	0.015183	-0.235622	0.000000	0.000723	-0.141193	0.633888	
1.767000	-0.159842	7.526954	81.379456	0.015185	-0.240061	0.000000	0.000723	-0.140981	0.634099	
1.770000	-0.159842	7.526954	81.379456	0.015185	-0.240061	0.000000	0.000723	-0.140981	0.634099	
1.773000	-0.159822	7.480228	81.351517	0.015183	-0.235622	0.000000	0.000723	-0.141193	0.633888	
1.776000	-0.159842	7.526954	81.379456	0.015185	-0.240061	0.000000	0.000723	-0.140981	0.634099	
1.779000	-0.159822	7.480228	81.351517	0.015183	-0.235622	0.000000	0.000723	-0.141193	0.633888	
1.782000	-0.159842	7.526954	81.379456	0.015185	-0.240061	0.000000	0.000723	-0.140981	0.634099	
1.785000	-0.159842	7.526954	81.379456	0.015185	-0.240061	0.000000	0.000723	-0.140981	0.634099	
1.788000	-0.159822	7.480228	81.351517	0.015183	-0.235622	0.000000	0.000723	-0.141193	0.633888	
1.791000	-0.159842	7.526954	81.379456	0.015185	-0.240061	0.000000	0.000723	-0.140981	0.634099	
1.794000	-0.159839	7.497719	81.375305	0.015185	-0.237283	0.000000	0.000723	-0.141193	0.634099	
1.797000	-0.159839	7.497719	81.375305	0.015185	-0.237283	0.000000	0.000723	-0.141193	0.634099	
1.800000	-0.159842	7.526954	81.379456	0.015185	-0.240061	0.000000	0.000723	-0.140981	0.634099	
1.803000	-0.159822	7.480228	81.351517	0.015183	-0.235622	0.000000	0.000723	-0.141193	0.633888	
1.806000	-0.159842	7.526954	81.379456	0.015185	-0.240061	0.000000	0.000723	-0.140981	0.634099	
1.809000	-0.280428	8.620644	81.936424	0.026641	-0.343961	0.000000	0.001265	-0.135486	0.638115	
1.812000	-0.809267	12.551528	84.160614	0.076880	-0.717395	0.000000	0.003615	-0.117520	0.655236	
1.815000	-1.429278	16.259359	86.223282	0.135781	-1.069639	0.000000	0.006326	-0.101033	0.671722	
1.818000	-1.636675	17.101353	86.666847	0.155484	-1.149629	0.000000	0.007230	-0.097229	0.675315	
1.821000	-1.924625	17.436420	86.845734	0.182839	-1.181460	0.000000	0.008495	-0.095749	0.676795	
1.824000	-3.267369	16.207993	86.241432	0.310400	-1.064759	0.000000	0.014460	-0.101667	0.672145	
1.827000	-5.488475	14.220972	85.179428	0.521405	-0.875992	0.000000	0.024401	-0.110967	0.664113	
1.830000	-7.717513	11.862079	83.754654	0.733164	-0.651897	0.000000	0.034524	-0.121324	0.653333	
1.833000	-9.365782	10.098778	82.553841	0.889749	-0.484384	0.000000	0.042115	-0.128511	0.644245	
1.836000	-10.415756	9.205956	81.770340	0.989497	-0.399566	0.300000	0.046995	-0.131259	0.638115	
1.839000	-10.903663	9.399407	81.900848	1.035848	-0.417944	0.300000	0.049164	-0.130624	0.639383	
1.842000	-11.671497	10.078930	81.992409	1.108792	-0.482498	0.300000	0.052599	-0.125974	0.639806	
1.845000	-12.614838	10.769342	80.917488	1.198410	-0.548088	0.300000	0.057117	-0.114561	0.629026	
1.848000	-13.424522	10.997057	77.188766	1.275330	-0.569720	0.300000	0.061817	-0.092790	0.594151	
1.851000	-14.274166	11.012645	71.698166	1.356046	-0.571201	0.300000	0.067420	-0.066369	0.545537	
1.854000	-15.263884	11.406059	65.388489	1.450069	-0.608576	0.300000	0.074289	-0.037200	0.492484	
1.857000	-16.550661	12.613504	60.206902	1.572313	-0.723283	0.300000	0.082603	-0.009723	0.451056	
1.860000	-17.608229	14.459800	57.376606	1.672782	-0.898681	0.300000	0.089111	0.012682	0.429496	
1.863000	-18.568308	17.465849	57.272438	1.763989	-1.184256	0.300000	0.093991	0.034030	0.429919	
1.866000	-18.988844	21.259106	59.422085	1.803940	-1.544615	0.300000	0.095075	0.053476	0.448097	
1.869000	-18.992006	25.984201	62.157494	1.804241	-1.993499	0.300000	0.093810	0.076937	0.471558	
1.872000	-18.552361	29.393574	63.387371	1.762474	-2.317390	0.300000	0.091099	0.096172	0.482972	
1.875000	-17.522722	31.455135	61.338081	1.664659	-2.513238	0.300000	0.086941	0.117731	0.468388	
1.878000	-16.061890	31.451920	55.591080	1.525880	-2.512932	0.300000	0.082061	0.136754	0.424635	
1.881000	-14.464232	29.689079	47.334606	1.374102	-2.345463	0.300000	0.077181	0.148379	0.361648	
1.884000	-12.619726	26.832401	36.754208	1.198874	-2.074078	0.300000	0.071397	0.153241	0.281751	
1.887000	-11.138528	23.923773	26.601412	1.058160	-1.797758	0.300000	0.066878	0.150704	0.205871	
1.890000	-10.074848	21.318668	16.653107	0.957111	-1.550273	0.300000	0.064348	0.144363	0.132315	
1.893000	-9.387961	19.558271	8.497657	0.891856	-1.383036	0.300000	0.063263	0.137811	0.072499	
1.896000	-8.832217	18.267527	2.994737	0.839061	-1.260415	0.300000	0.061817	0.130624	0.031916	
1.899000	-8.379643	17.498022	-0.229072	0.796066	-1.187312	0.300000	0.060010	0.125552	0.008032	
1.902000	-8.014948	16.878145	-1.284719	0.761420	-1.128424	0.300000	0.057840	0.121113	-0.000211	
1.905000	-7.701599	16.380116	-1.502822	0.731652	-1.081111	0.300000	0.055671	0.117520	-0.002325	
1.908000	-7.427707	15.912904	-1.935847	0.705632	-1.036726	0.300000	0.053864	0.114138	-0.005918	
1.911000	-7.109213	15.158725	-2.779704	0.675375	-0.965079	0.300000	0.051876	0.108642	-0.012682	
1.914000	-6.716228	14.276348	-4.200531	0.638042	-0.881253	0.300000	0.049526	0.102090	-0.023673	
1.917000	-6.299840	13.121464	-5.746419	0.598485	-0.771539	0.300000	0.046995	0.093424	-0.035721	
1.920000	-5.882515	11.998816	-6.951082	0.558839	-0.664888	0.300000	0.044284	0.084969	-0.045232	
1.923000	-5.494022	10.980388	-8.761978	0.521932	-0.568137	0.300000	0.041934	0.076937	-0.058971	
1.926000	-5.253366	10.353479	-11.169675	0.499070	-0.508581	0.300000	0.040850	0.071230	-0.076726	
1.929000	-4.959291	9.302578	-14.482044	0.471133	-0.408745	0.300000	0.039585	0.061508	-0.101244	
1.932000	-4.682754	8.128045	-17.556374	0.444862	-0.297164	0.300000	0.038319	0.050517	-0.124072	
1.935000	-4.462557	6.830258	-19.906347	0.423943	-0.173875	0.300000	0.037235	0.038891	-0.141615	
1.938000	-4.349334	5.264072	-21.800022	0.413187	-0.025087	0.300000	0.036873	0.025575	-0.155777	
1.941000	-4.374455	3.877048	-23.401546	0.415573	0.106680	0.300000	0.037596	0.013739	-0.167614	
1.944000	-4.397759	2.326618	-24.990082	0.417787	0.253971	0.300000	0.038319	0.000634	-0.179239	
1.947000	-4.350687	0.840550	-26.217897	0.413315	0.395148	0.300000	0.038319	-0.011625	-0.188116	
1.950000	-4.358499	-0.148177	-27.077675	0.414057	0.489077	0.300000	0.038681	-0.019868	-0.194246	
1.953000	-4.355092	-0.190095	-27.165707	0.413734	0.493059	0.300000	0.038681	-0.020291	-0.194880	
1.956000	-4.348290	0.497301	-26.280432	0.413088	0.427756	0.300000	0.038319	-0.014162	-0.188539	
1.959000	-4.401397	1.828429	-24.350565	0.418133	0.301299	0.300000	0.038139	-0.002114	-0.174589	
1.962000	-4.420024	3.410859	-21.621838	0.419902	0.150968	0.300000	0.037416	0.012471	-0.154720	
1.965000	-4.399840	5.255772	-18.043402	0.417985	-0.024298	0.300000	0.036150	0.029380	-0.128511	
1.968000	-4.240521	6.704721	-14.290576	0.402849	-0.161949	0.300000	0.033801	0.042907	-0.101033	
1.971000	-3.890902	7.429550	-10.062753	0.369636	-0.230807	0.300000	0.030005	0.050728	-0.070385	
1.974000	-3.459207	7.316631	-5.898252	0.328625	-0.220080	0.300000	0.025847	0.051573	-0.040582	
1.977000	-3.099303	6.853228	-1.442818	0.294434	-0.176057	0.300000	0.022413	0.049037	-0.008877	
1.980000	-2.918233	6.774975	1.902718	0.277232	-0.168623	0.300000	0.020606	0.048403	0.015007	
1.983000	-2.930865	7.170011	3.774582	0.278432	-0.206151	0.300000	0.020425	0.050939	0.028534	
1.986000	-2.825699	7.477396	5.032149	0.268441	-0.235353	0.300000	0.019521	0.052842	0.037623	
1.989000	-2.611244	7.083119	6.209640	0.248068	-0.197896	0.300000	0.017894	0.049671	0.045867	
1.992000	-2.342707	6.530967	7.570832	0.222557	-0.145442	0.300000	0.015906	0.045232	0.055378	
1.995000	-2.090876	6.206644	8.593756	0.198633	-0.114631	0.300000	0.014099	0.042485	0.062564	
1.998000	-1.768942	6.057292	8.574666	0.168049	-0.100443	0.300000	0.011930	0.041428	0.062353	
2.001000	-1.359348	5.919706	7.757271	0.129138	-0.087372	0.300000	0.009218	0.040794	0.056435	
2.004000	-0.766561	6.181179	6.538908	0.072823	-0.112212	0.300000	0.005242	0.043119	0.047769	
2.007000	0.052476	6.517942	5.461860	-0.004985	-0.144204	0.300000	-0.000362	0.045867	0.040160	
2.010000	0.968563	6.741244	5.123040	-0.092013	-0.165418	0.300000	-0.006688	0.047557	0.037835	
2.013000	1.992904	7.016987	5.365255	-0.189326	-0.191614	0.300000	-0.013737	0.049460	0.039737	
2.016000	2.652547	7.203516	5.581888	-0.251992	-0.209334	0.300000	-0.018256	0.050728	0.041428	
2.019000	2.861665	6.994646	5.529233	-0.271858	-0.189491	0.300000	-0.019702	0.049248	0.041005	
2.022000	2.749911	6.389535	5.175592	-0.261242	-0.132006	0.300000	-0.018979	0.045021	0.038257	
2.025000	2.555596	5.717177	4.557587	-0.242782	-0.068132	0.300000	-0.017714	0.040371	0.033607	
2.028000	2.339113	5.258627	4.076651	-0.222216	-0.024570	0.300000	-0.016268	0.037200	0.030014	
2.031000	2.041081	5.117522	3.229450	-0.193903	-0.011165	0.000000	-0.014279	0.036355	0.023884	
2.034000	1.428904	5.174966	1.462156	-0.135746	-0.016622	0.000000	-0.010122	0.036989	0.011202	
2.037000	0.807232	5.490774	-0.139809	-0.076687	-0.046624	0.000000	-0.005784	0.039314	-0.000211	
2.040000	0.199678	6.147622	-1.611499	-0.018969	-0.109024	0.000000	-0.001446	0.043964	-0.010568	
2.043000	-0.345695	6.848814	-3.089969	0.032841	-0.175637	0.000000	0.002531	0.048826	-0.020925	
2.046000	-0.927016	7.305099	-4.736946	0.088067	-0.218984	0.000000	0.006869	0.051785	-0.032550	
2.049000	-1.494973	7.335302	-6.304445	0.142022	-0.221854	0.000000	0.011207	0.051573	-0.043753	
2.052000	-1.974073	7.161948	-8.125829	0.187537	-0.205385	0.000000	0.015002	0.049671	-0.056858	
2.055000	-2.198872	7.008244	-10.295824	0.208893	-0.190783	0.000000	0.016991	0.047557	-0.072499	
2.058000	-2.134964	7.145559	-12.705578	0.202822	-0.203828	0.000000	0.016810	0.047135	-0.089831	
2.061000	-1.906663	7.408751	-15.609409	0.181133	-0.228831	0.000000	0.015364	0.046923	-0.110756	
2.064000	-1.577382	7.644247	-18.501293	0.149851	-0.251203	0.000000	0.013014	0.046078	-0.131681	
2.067000	-1.173700	7.833532	-21.641222	0.111502	-0.269186	0.000000	0.009941	0.044176	-0.154509	
2.070000	-0.809794	8.016647	-24.826317	0.076930	-0.286581	0.000000	0.007049	0.041639	-0.177759	
2.073000	-0.602462	8.133646	-28.597904	0.057234	-0.297696	0.000000	0.005423	0.037200	-0.205448	
2.076000	-0.580882	8.292108	-32.577522	0.055184	-0.312750	0.000000	0.005423	0.031916	-0.234828	
2.079000	-0.618584	8.569876	-35.995464	0.058766	-0.339138	0.000000	0.005965	0.027689	-0.260192	
2.082000	-0.713498	8.700838	-38.486359	0.067782	-0.351580	0.000000	0.007049	0.023673	-0.278792	
2.085000	-0.798041	8.601377	-39.358269	0.075814	-0.342131	0.000000	0.007953	0.021137	-0.285345	
2.088000	-0.853415	8.568178	-39.245369	0.081074	-0.338977	0.000000	0.008495	0.021137	-0.284499	
2.091000	-0.854362	8.623638	-39.133896	0.081164	-0.344246	0.000000	0.008495	0.021771	-0.283654	
2.094000	-0.945243	8.653159	-39.135357	0.089798	-0.347050	0.000000	0.009399	0.021982	-0.283654	
2.097000	-0.981861	8.703939	-39.108665	0.093277	-0.351874	0.000000	0.009761	0.022405	-0.283442	
2.100000	-0.965283	8.772581	-38.941067	0.091702	-0.358395	0.000000	0.009580	0.023250	-0.282174	
2.103000	-0.950778	8.776141	-38.546494	0.090324	-0.358733	0.000000	0.009399	0.024096	-0.279215	
2.106000	-0.863002	8.536669	-38.116940	0.081985	-0.335984	0.000000	0.008495	0.023250	-0.276044	
2.109000	-0.881420	8.241463	-38.110542	0.083735	-0.307939	0.000000	0.008676	0.021137	-0.276044	
2.112000	-1.095120	7.799995	-38.725533	0.104036	-0.266000	0.000000	0.010845	0.016698	-0.280695	
2.115000	-1.170232	7.115563	-40.100639	0.111172	-0.200978	0.000000	0.011749	0.008877	-0.291051	
2.118000	-1.122928	6.839340	-42.633202	0.106678	-0.174737	0.000000	0.011568	0.001268	-0.310074	
2.121000	-1.062039	7.617497	-46.439163	0.100894	-0.248662	0.000000	0.011387	-0.002325	-0.338820	
2.124000	-1.019133	8.917911	-50.206932	0.096818	-0.372202	0.000000	0.011387	-0.002959	-0.367566	
2.127000	-0.974639	9.564350	-52.733551	0.092591	-0.433613	0.000000	0.011207	-0.005496	-0.387012	
2.130000	-0.978791	9.272003	-53.749462	0.092985	-0.405840	0.000000	0.011387	-0.010568	-0.394832	
2.133000	-1.038305	9.451630	-53.967239	0.098639	-0.422905	0.000000	0.012110	-0.009934	-0.396523	
2.136000	-1.097219	10.381259	-54.207256	0.104236	-0.511220	0.000000	0.012833	-0.004016	-0.398426	
2.139000	-1.048199	10.945535	-54.423203	0.099579	-0.564826	0.000000	0.012291	-0.000634	-0.400117	
2.142000	-1.033115	10.993092	-54.395794	0.098146	-0.569344	0.000000	0.012110	-0.000211	-0.399905	
2.145000	-1.033442	10.774903	-54.368793	0.098177	-0.548616	0.000000	0.012110	-0.001691	-0.399694	
2.148000	-1.004815	10.251696	-54.179428	0.095457	-0.498911	0.000000	0.011749	-0.004861	-0.398214	
2.151000	-1.006697	9.710663	-54.019188	0.095636	-0.447513	0.000000	0.011749	-0.008243	-0.396946	
2.154000	-1.022490	9.522090	-53.993710	0.097137	-0.429599	0.000000	0.011930	-0.009511	-0.396735	
2.157000	-1.038645	9.528809	-53.939152	0.098671	-0.430237	0.000000	0.012110	-0.009300	-0.396312	
2.160000	-1.054488	9.576467	-53.911564	0.100176	-0.434764	0.000000	0.012291	-0.008877	-0.396101	
2.163000	-1.085845	9.565077	-53.884708	0.103155	-0.433682	0.000000	0.012653	-0.008877	-0.395889	
2.166000	-1.116868	9.565077	-53.885109	0.106102	-0.433682	0.000000	0.013014	-0.008877	-0.395889	
2.169000	-1.163401	9.565077	-53.885727	0.110523	-0.433682	0.000000	0.013556	-0.008877	-0.395889	
2.172000	-1.256463	9.535550	-53.887302	0.119364	-0.430877	0.000000	0.014641	-0.009089	-0.395889	
2.175000	-1.334012	9.506023	-53.888744	0.126731	-0.428072	0.000000	0.015545	-0.009300	-0.395889	
2.178000	-1.413800	9.419635	-53.754032	0.134311	-0.419865	0.000000	0.016448	-0.009511	-0.394832	
2.181000	-1.371984	9.413152	-53.452282	0.130338	-0.419249	0.000000	0.015906	-0.008666	-0.392507	
2.184000	-1.298975	9.484721	-53.121918	0.123403	-0.426049	0.000000	0.015002	-0.007186	-0.389971	
2.187000	-1.412547	9.679199	-52.875957	0.134192	-0.444524	0.000000	0.016268	-0.005073	-0.388069	
2.190000	-1.717755	10.184044	-52.524086	0.163187	-0.492484	0.000000	0.019702	-0.000423	-0.385321	
2.193000	-2.072162	10.523727	-52.203773	0.196855	-0.524754	0.000000	0.023678	0.002959	-0.382784	
2.196000	-2.247525	10.560737	-52.153488	0.213515	-0.528270	0.000000	0.025667	0.003382	-0.382362	
2.199000	-2.116301	10.401777	-52.341385	0.201049	-0.513169	0.000000	0.024221	0.001691	-0.383841	
2.202000	-1.988734	10.276264	-52.392982	0.188930	-0.501245	0.000000	0.022775	0.000634	-0.384264	
2.205000	-1.910424	9.940392	-52.364025	0.181490	-0.469337	0.000000	0.021871	-0.001691	-0.384053	
2.208000	-1.878207	9.301850	-52.393318	0.178430	-0.408676	0.000000	0.021509	-0.006341	-0.384264	
2.211000	-1.862822	8.375463	-52.374413	0.176968	-0.320669	0.000000	0.021329	-0.012893	-0.384053	
2.214000	-1.861387	7.600450	-52.441700	0.176832	-0.247043	0.000000	0.021329	-0.018600	-0.384475	
2.217000	-1.860015	7.150263	-52.506008	0.176701	-0.204275	0.000000	0.021329	-0.021982	-0.384898	
2.220000	-1.860599	7.139179	-52.478645	0.176757	-0.203222	0.000000	0.021329	-0.021982	-0.384687	
2.223000	-1.837223	7.250306	-52.089069	0.174536	-0.213779	0.300000	0.020967	-0.020080	-0.381728	
2.226000	-1.718865	7.587842	-50.836826	0.163292	-0.245845	0.300000	0.019340	-0.014162	-0.372216	
2.229000	-1.413818	8.316492	-49.800674	0.134313	-0.315067	0.300000	0.015725	-0.006130	-0.364396	
2.232000	-0.950992	8.929130	-48.990917	0.090344	-0.373267	0.300000	0.010484	0.000423	-0.358266	
2.235000	-0.477385	9.149356	-48.628109	0.045352	-0.394189	0.300000	0.005242	0.002959	-0.355518	
2.238000	-0.148605	9.017342	-48.349972	0.014117	-0.381647	0.300000	0.001627	0.002748	-0.353405	
2.241000	-0.116424	8.626123	-47.684105	0.011060	-0.344482	0.300000	0.001265	0.001691	-0.348332	
2.244000	-0.218633	8.257229	-46.655922	0.020770	-0.309437	0.300000	0.002350	0.001691	-0.340511	
2.247000	-0.169488	8.032351	-45.931526	0.016101	-0.288073	0.300000	0.001808	0.001902	-0.335016	
2.250000	-0.186770	7.944679	-45.764153	0.017743	-0.279744	0.300000	0.001988	0.001691	-0.333747	
2.253000	-0.203749	7.915151	-45.764141	0.019356	-0.276939	0.300000	0.002169	0.001480	-0.333747	
2.256000	-0.237990	7.846979	-45.652569	0.022609	-0.270463	0.300000	0.002531	0.001268	-0.332902	
2.259000	-0.340994	7.691725	-45.373653	0.032394	-0.255714	0.300000	0.003615	0.000845	-0.330788	
2.262000	-0.495172	7.643847	-45.234673	0.047041	-0.251165	0.300000	0.005242	0.000845	-0.329732	
2.265000	-0.734217	7.643847	-45.236229	0.069751	-0.251165	0.300000	0.007772	0.000845	-0.329732	
2.268000	-1.075383	7.623883	-45.267414	0.102161	-0.249269	0.300000	0.011387	0.000634	-0.329943	
2.271000	-1.450030	7.583972	-45.328270	0.137753	-0.245477	0.300000	0.015364	0.000211	-0.330366	
2.274000	-1.839075	7.464382	-45.502708	0.174712	-0.234116	0.300000	0.019521	-0.001057	-0.331634	
2.277000	-2.090732	7.345005	-45.675774	0.198620	-0.222775	0.300000	0.022232	-0.002325	-0.332902	
2.280000	-2.142354	7.364886	-45.648956	0.203524	-0.224664	0.300000	0.022775	-0.002114	-0.332691	
2.283000	-2.091979	7.473357	-45.619705	0.198738	-0.234969	0.300000	0.022232	-0.001268	-0.332479	
2.286000	-2.079581	7.844454	-46.177261	0.197560	-0.270223	0.300000	0.022232	0.000000	-0.336707	
2.289000	-2.067803	8.269902	-47.457134	0.196441	-0.310641	0.300000	0.022413	-0.000211	-0.346429	
2.292000	-2.068951	8.582154	-48.871387	0.196550	-0.340305	0.300000	0.022775	-0.001691	-0.357209	
2.295000	-2.042531	8.570931	-49.313660	0.194040	-0.339238	0.300000	0.022594	-0.002959	-0.360591	
2.298000	-2.028057	8.628286	-49.230183	0.192665	-0.344687	0.300000	0.022413	-0.002325	-0.359957	
2.301000	-2.046910	8.645786	-49.119892	0.194456	-0.346350	0.300000	0.022594	-0.001902	-0.359111	
2.304000	-2.063912	8.635411	-49.092628	0.196072	-0.345364	0.300000	0.022775	-0.001902	-0.358900	
2.307000	-2.063281	8.616258	-49.120323	0.196012	-0.343544	0.300000	0.022775	-0.002114	-0.359111	
2.310000	-2.048782	8.585153	-49.037029	0.194634	-0.340589	0.300000	0.022594	-0.002114	-0.358477	
2.313000	-2.025232	8.400885	-48.621456	0.192397	-0.323084	0.300000	0.022232	-0.002325	-0.355307	
2.316000	-2.041252	8.194845	-47.901005	0.193919	-0.303510	0.300000	0.022232	-0.001902	-0.349811	
2.319000	-2.072784	8.130826	-47.234955	0.196914	-0.297428	0.300000	0.022413	-0.000634	-0.344739	
2.322000	-2.077143	8.297340	-47.040470	0.197329	-0.313247	0.300000	0.022413	0.001057	-0.343259	
2.325000	-2.093265	8.248225	-47.068592	0.198860	-0.308581	0.300000	0.022594	0.000634	-0.343470	
2.328000	-2.074653	8.219028	-47.151569	0.197092	-0.305808	0.300000	0.022413	0.000211	-0.344104	
2.331000	-2.058542	8.238597	-47.123417	0.195562	-0.307667	0.300000	0.022232	0.000423	-0.343893	
2.334000	-2.025076	8.209069	-47.122669	0.192382	-0.304862	0.300000	0.021871	0.000211	-0.343893	
2.337000	-1.991608	8.238597	-47.121952	0.189203	-0.307667	0.300000	0.021509	0.000423	-0.343893	
2.340000	-1.991608	8.238597	-47.121952	0.189203	-0.307667	0.300000	0.021509	0.000423	-0.343893	
2.343000	-2.008342	8.209069	-47.122303	0.190793	-0.304862	0.300000	0.021690	0.000211	-0.343893	
2.346000	-2.023860	8.258519	-47.178257	0.192267	-0.309559	0.300000	0.021871	0.000423	-0.344316	
2.349000	-2.005931	8.248938	-47.233456	0.190563	-0.308649	0.300000	0.021690	0.000211	-0.344739	
2.352000	-1.989217	8.248938	-47.233097	0.188976	-0.308649	0.300000	0.021509	0.000211	-0.344739	
2.355000	-1.989815	8.268490	-47.205318	0.189032	-0.310507	0.300000	0.021509	0.000423	-0.344527	
2.358000	-1.989217	8.248938	-47.233097	0.188976	-0.308649	0.300000	0.021509	0.000211	-0.344739	
2.361000	-1.987424	8.190317	-47.316448	0.188805	-0.303080	0.300000	0.021509	-0.000423	-0.345373	
2.364000	-2.000504	8.073236	-47.483624	0.190048	-0.291957	0.300000	0.021690	-0.001691	-0.346641	
2.367000	-1.978447	7.898010	-47.733765	0.187952	-0.275311	0.300000	0.021509	-0.003593	-0.348543	
2.370000	-1.959437	7.731702	-47.845272	0.186147	-0.259512	0.300000	0.021329	-0.005073	-0.349389	
2.373000	-1.895871	7.563125	-47.705811	0.180108	-0.243497	0.300000	0.020606	-0.005918	-0.348332	
2.376000	-1.846543	7.553049	-47.677048	0.175422	-0.242540	0.300000	0.020063	-0.005918	-0.348120	
2.379000	-1.862045	7.514152	-47.733242	0.176894	-0.238844	0.300000	0.020244	-0.006341	-0.348543	
2.382000	-1.875810	7.387486	-47.873524	0.178202	-0.226811	0.300000	0.020425	-0.007609	-0.349600	
2.385000	-1.856385	7.320021	-48.012787	0.176357	-0.220402	0.300000	0.020244	-0.008455	-0.350657	
2.388000	-1.859212	7.387486	-47.873184	0.176625	-0.226811	0.300000	0.020244	-0.007609	-0.349600	
2.391000	-1.849334	7.561813	-47.537930	0.175687	-0.243372	0.300000	0.020063	-0.005496	-0.347064	
2.394000	-1.815662	7.528898	-46.701923	0.172488	-0.240245	0.300000	0.019521	-0.003593	-0.340723	
2.397000	-1.799117	6.938986	-44.915806	0.170916	-0.184204	0.300000	0.018979	-0.003382	-0.327195	
2.400000	-1.814994	6.084777	-42.222183	0.172424	-0.103054	0.300000	0.018617	-0.003170	-0.306904	
2.403000	-1.886588	5.340146	-38.377094	0.179226	-0.032314	0.300000	0.018617	-0.000211	-0.278158	
2.406000	-1.975223	5.074022	-33.616787	0.187646	-0.007032	0.300000	0.018617	0.006975	-0.242860	
2.409000	-2.075135	5.460795	-27.157936	0.197138	-0.043776	0.300000	0.018437	0.020080	-0.195303	
2.412000	-2.165876	6.455014	-19.886896	0.205758	-0.138226	0.300000	0.018075	0.036144	-0.142038	
2.415000	-2.212578	7.726044	-10.860106	0.210195	-0.258974	0.000000	0.017171	0.052419	-0.076303	
2.418000	-2.083045	8.346005	-4.129993	0.197889	-0.317871	0.000000	0.015364	0.059394	-0.027689	
2.421000	-1.660370	7.850591	-0.525926	0.157735	-0.270806	0.000000	0.011930	0.056223	-0.002114	
2.424000	-1.134904	6.877215	-0.173996	0.107816	-0.178335	0.000000	0.008134	0.049248	0.000000	
2.427000	-0.901627	6.113928	-1.140566	0.085655	-0.105823	0.000000	0.006507	0.043753	-0.007186	
2.430000	-0.995118	5.651886	-2.066201	0.094536	-0.061929	0.000000	0.007230	0.040371	-0.013950	
2.433000	-1.065611	5.689815	-2.599375	0.101233	-0.065532	0.000000	0.007772	0.040582	-0.017755	
2.436000	-1.041232	5.836294	-2.546207	0.098917	-0.079448	0.000000	0.007592	0.041639	-0.017332	
2.439000	-1.042520	6.010345	-2.376557	0.099039	-0.095983	0.000000	0.007592	0.042907	-0.016064	
2.442000	-1.043173	6.067951	-2.290532	0.099101	-0.101455	0.000000	0.007592	0.043330	-0.015430	
2.445000	-1.042958	6.038909	-2.318780	0.099081	-0.098696	0.000000	0.007592	0.043119	-0.015641	
2.448000	-1.042949	6.068409	-2.320055	0.099080	-0.101499	0.000000	0.007592	0.043330	-0.015641	
2.451000	-1.042958	6.038909	-2.318780	0.099081	-0.098696	0.000000	0.007592	0.043119	-0.015641	
2.454000	-1.042958	6.038909	-2.318780	0.099081	-0.098696	0.000000	0.007592	0.043119	-0.015641	
2.457000	-1.042734	6.039374	-2.348303	0.099060	-0.098741	0.000000	0.007592	0.043119	-0.015852	
2.460000	-1.042734	6.039374	-2.348303	0.099060	-0.098741	0.000000	0.007592	0.043119	-0.015852	
2.463000	-1.042949	6.068409	-2.320055	0.099080	-0.101499	0.000000	0.007592	0.043330	-0.015641	
2.466000	-1.042734	6.039374	-2.348303	0.099060	-0.098741	0.000000	0.007592	0.043119	-0.015852	
2.469000	-1.042949	6.068409	-2.320055	0.099080	-0.101499	0.000000	0.007592	0.043330	-0.015641	
2.472000	-1.042949	6.068409	-2.320055	0.099080	-0.101499	0.000000	0.007592	0.043330	-0.015641	
2.475000	-1.042949	6.068409	-2.320055	0.099080	-0.101499	0.000000	0.007592	0.043330	-0.015641	
2.478000	-1.018117	6.068409	-2.319869	0.096721	-0.101499	0.000000	0.007411	0.043330	-0.015641	
2.481000	-1.042734	6.039374	-2.348303	0.099060	-0.098741	0.000000	0.007592	0.043119	-0.015852	
2.484000	-1.018117	6.068409	-2.319869	0.096721	-0.101499	0.000000	0.007411	0.043330	-0.015641	
2.487000	-1.042725	6.068874	-2.349579	0.099059	-0.101543	0.000000	0.007592	0.043330	-0.015852	
2.490000	-1.042949	6.068409	-2.320055	0.099080	-0.101499	0.000000	0.007592	0.043330	-0.015641	
2.493000	-1.042939	6.097909	-2.321338	0.099079	-0.104301	0.000000	0.007592	0.043541	-0.015641	
2.496000	-1.018117	6.068409	-2.319869	0.096721	-0.101499	0.000000	0.007411	0.043330	-0.015641	
2.499000	-1.018108	6.097909	-2.321151	0.096720	-0.104301	0.000000	0.007411	0.043541	-0.015641	
2.502000	-1.017898	6.068874	-2.349393	0.096700	-0.101543	0.000000	0.007411	0.043330	-0.015852	
2.505000	-1.018117	6.068409	-2.319869	0.096721	-0.101499	0.000000	0.007411	0.043330	-0.015641	
2.508000	-1.068179	6.244494	-2.268986	0.101477	-0.118227	0.000000	0.007772	0.044598	-0.015218	
2.511000	-1.168121	6.685620	-2.201671	0.110971	-0.160134	0.000000	0.008495	0.047769	-0.014584	
2.514000	-1.269019	7.007566	-2.041295	0.120557	-0.190719	0.000000	0.009218	0.050094	-0.013316	
2.517000	-1.319066	7.007176	-2.012239	0.125311	-0.190682	0.000000	0.009580	0.050094	-0.013105	
2.520000	-1.368004	6.919891	-2.096889	0.129960	-0.182390	0.000000	0.009941	0.049460	-0.013739	
2.523000	-1.417747	6.919891	-2.097392	0.134686	-0.182390	0.000000	0.010303	0.049460	-0.013739	
2.526000	-1.492667	6.948980	-2.070121	0.141803	-0.185153	0.000000	0.010845	0.049671	-0.013527	
2.529000	-1.467790	6.948980	-2.069853	0.139440	-0.185153	0.000000	0.010664	0.049671	-0.013527	
2.532000	-1.467790	6.948980	-2.069853	0.139440	-0.185153	0.000000	0.010664	0.049671	-0.013527	
2.535000	-1.442914	6.948980	-2.069590	0.137077	-0.185153	0.000000	0.010484	0.049671	-0.013527	
2.538000	-1.443208	6.978076	-2.041535	0.137105	-0.187917	0.000000	0.010484	0.049882	-0.013316	
2.541000	-1.418615	7.007176	-2.013228	0.134768	-0.190682	0.000000	0.010303	0.050094	-0.013105	
2.544000	-1.418615	7.007176	-2.013228	0.134768	-0.190682	0.000000	0.010303	0.050094	-0.013105	
2.547000	-1.418630	6.977685	-2.011753	0.134770	-0.187880	0.000000	0.010303	0.049882	-0.013105	
2.550000	-1.443502	7.007176	-2.013487	0.137133	-0.190682	0.000000	0.010484	0.050094	-0.013105	
2.553000	-1.444090	7.065396	-1.957409	0.137189	-0.196213	0.000000	0.010484	0.050517	-0.012682	
2.556000	-1.445281	7.152417	-1.843814	0.137302	-0.204480	0.000000	0.010484	0.051151	-0.011837	
2.559000	-1.446177	7.210375	-1.758272	0.137387	-0.209986	0.000000	0.010484	0.051573	-0.011202	
2.562000	-1.446503	7.180558	-1.727229	0.137418	-0.207153	0.000000	0.010484	0.051362	-0.010991	
2.565000	-1.471458	7.151069	-1.725980	0.139788	-0.204352	0.000000	0.010664	0.051151	-0.010991	
2.568000	-1.522638	7.149821	-1.608423	0.144651	-0.204233	0.000000	0.011026	0.051151	-0.010146	
2.571000	-1.601959	7.146454	-1.225447	0.152186	-0.203913	0.000000	0.011568	0.051151	-0.007398	
2.574000	-1.634620	7.143158	-0.576180	0.155289	-0.203600	0.000000	0.011749	0.051151	-0.002748	
2.577000	-1.668221	7.143009	0.132141	0.158481	-0.203586	0.000000	0.011930	0.051151	0.002325	
2.580000	-1.755055	7.206855	1.013937	0.166730	-0.209651	0.000000	0.012472	0.051573	0.008666	
2.583000	-1.895196	7.307162	1.981958	0.180044	-0.219180	0.000000	0.013376	0.052207	0.015641	
2.586000	-1.985561	7.355287	2.953511	0.188628	-0.223752	0.000000	0.013918	0.052419	0.022616	
2.589000	-2.046447	7.312512	3.605210	0.194412	-0.219689	0.000000	0.014279	0.051996	0.027266	
2.592000	-2.102231	7.202056	3.876165	0.199712	-0.209195	0.000000	0.014641	0.051151	0.029169	
2.595000	-2.128337	6.995623	3.886197	0.202192	-0.189584	0.000000	0.014822	0.049671	0.029169	
2.598000	-2.129841	6.732799	3.987673	0.202335	-0.164616	0.000000	0.014822	0.047769	0.029803	
2.601000	-2.161251	6.566836	4.349756	0.205319	-0.148849	0.000000	0.015002	0.046501	0.032339	
2.604000	-2.246744	6.523918	4.823411	0.213441	-0.144772	0.000000	0.015545	0.046078	0.035721	
2.607000	-2.438530	6.543910	5.351502	0.231660	-0.146671	0.300000	0.016810	0.046078	0.039526	
2.610000	-2.574383	6.684134	7.116495	0.244566	-0.159993	0.300000	0.017533	0.046501	0.052207	
2.613000	-2.608150	6.938824	10.591973	0.247774	-0.184188	0.300000	0.017352	0.046712	0.077149	
2.616000	-2.688207	7.471667	13.607908	0.255380	-0.234808	0.300000	0.017533	0.048614	0.098919	
2.619000	-2.611104	7.917845	17.305321	0.248055	-0.277195	0.300000	0.016629	0.048826	0.125552	
2.622000	-2.507649	8.498700	21.606276	0.238227	-0.332377	0.300000	0.015545	0.048614	0.156622	
2.625000	-2.449262	9.147084	25.537111	0.232680	-0.393973	0.300000	0.014822	0.048403	0.185157	
2.628000	-2.409700	9.820193	29.042494	0.228922	-0.457918	0.300000	0.014279	0.048192	0.210732	
2.631000	-2.348666	10.343350	31.261522	0.223123	-0.507618	0.300000	0.013737	0.048403	0.227007	
2.634000	-2.173786	10.568123	32.096214	0.206510	-0.528972	0.300000	0.012653	0.048614	0.233137	
2.637000	-1.888701	10.269350	31.590696	0.179427	-0.500588	0.300000	0.011026	0.047346	0.229332	
2.640000	-1.504791	9.652778	30.197445	0.142955	-0.442014	0.300000	0.008857	0.045232	0.218976	
2.643000	-1.216370	9.084512	28.534946	0.115555	-0.388029	0.300000	0.007230	0.043753	0.206716	
2.646000	-1.083257	8.696695	26.771919	0.102909	-0.351186	0.300000	0.006507	0.043541	0.193823	
2.649000	-1.044886	8.535464	25.463182	0.099264	-0.335869	0.300000	0.006326	0.044176	0.184311	
2.652000	-1.012178	8.449665	24.998789	0.096157	-0.327718	0.300000	0.006146	0.044176	0.180930	
2.655000	-1.071897	8.484480	25.026150	0.101830	-0.331026	0.300000	0.006507	0.044387	0.181141	
2.658000	-1.131637	8.519301	25.053482	0.107505	-0.334334	0.300000	0.006869	0.044598	0.181352	
2.661000	-1.160197	8.457959	24.880310	0.110219	-0.328506	0.300000	0.007049	0.044387	0.180084	
2.664000	-1.214553	8.244300	24.186274	0.115383	-0.308208	0.300000	0.007411	0.043753	0.175011	
2.667000	-1.262075	7.867262	22.677551	0.119897	-0.272390	0.300000	0.007772	0.042907	0.164020	
2.670000	-1.304457	7.401742	20.670973	0.123923	-0.228165	0.300000	0.008134	0.041851	0.149436	
2.673000	-1.374725	7.007039	18.746124	0.130599	-0.190669	0.300000	0.008676	0.041005	0.135486	
2.676000	-1.414039	6.661625	16.757925	0.134334	-0.157854	0.300000	0.009038	0.040371	0.121113	
2.679000	-1.480882	6.475505	14.878598	0.140684	-0.140173	0.300000	0.009580	0.040582	0.107585	
2.682000	-1.598382	6.322318	12.759534	0.151846	-0.125620	0.300000	0.010484	0.041005	0.092367	
2.685000	-1.685490	6.235411	10.695333	0.160122	-0.117364	0.300000	0.011207	0.041639	0.077571	
2.688000	-1.767140	6.136676	8.423622	0.167878	-0.107984	0.300000	0.011930	0.042062	0.061296	
2.691000	-1.822792	6.088474	6.444856	0.173165	-0.103405	0.300000	0.012472	0.042485	0.047135	
2.694000	-1.827574	5.988767	4.734745	0.173619	-0.093933	0.300000	0.012653	0.042273	0.034875	
2.697000	-1.787879	5.895938	3.645636	0.169848	-0.085114	0.300000	0.012472	0.041851	0.027055	
2.700000	-1.729997	5.853759	3.145729	0.164350	-0.081107	0.300000	0.012110	0.041639	0.023462	
2.703000	-1.651513	5.851708	3.058092	0.156894	-0.080912	0.300000	0.011568	0.041639	0.022828	
2.706000	-1.574414	5.881888	3.087252	0.149569	-0.083779	0.300000	0.011026	0.041851	0.023039	
2.709000	-1.445343	5.940891	3.086134	0.137308	-0.089385	0.300000	0.010122	0.042273	0.023039	
2.712000	-1.315719	6.028047	3.024572	0.124993	-0.097664	0.300000	0.009218	0.042907	0.022616	
2.715000	-1.134890	6.056883	2.995334	0.107815	-0.100404	0.300000	0.007953	0.043119	0.022405	
2.718000	-0.876775	6.085724	2.966356	0.083294	-0.103144	0.300000	0.006146	0.043330	0.022193	
2.721000	-0.644150	6.112653	2.848229	0.061194	-0.105702	0.300000	0.004519	0.043541	0.021348	
2.724000	-0.436823	6.252483	2.458723	0.041498	-0.118986	0.300000	0.003073	0.044598	0.018600	
2.727000	-0.255711	6.447985	1.770743	0.024293	-0.137559	0.300000	0.001808	0.046078	0.013739	
2.730000	-0.127044	6.704080	0.872638	0.012069	-0.161888	0.300000	0.000904	0.047980	0.007398	
2.733000	-0.025247	6.936277	-0.024663	0.002398	-0.183946	0.300000	0.000181	0.049671	0.001057	
2.736000	0.100294	7.174395	-0.981512	-0.009528	-0.206568	0.300000	-0.000723	0.051362	-0.005707	
2.739000	0.149338	7.449119	-1.999355	-0.014187	-0.232666	0.300000	-0.001085	0.053264	-0.012893	
2.742000	0.172563	7.766754	-3.314438	-0.016394	-0.262842	0.300000	-0.001265	0.055378	-0.022193	
2.745000	0.170976	8.065108	-4.569126	-0.016243	-0.291185	0.300000	-0.001265	0.057280	-0.031071	
2.748000	0.169843	8.272305	-5.464695	-0.016135	-0.310869	0.300000	-0.001265	0.058548	-0.037412	
2.751000	0.169122	8.441796	-6.034005	-0.016067	-0.326971	0.300000	-0.001265	0.059605	-0.041428	
2.754000	0.168852	8.568408	-6.247602	-0.016041	-0.338999	0.300000	-0.001265	0.060451	-0.042907	
2.757000	0.217135	8.655565	-6.223551	-0.020628	-0.347279	0.300000	-0.001627	0.061085	-0.042696	
2.760000	0.265383	8.685038	-6.225444	-0.025211	-0.350079	0.300000	-0.001988	0.061296	-0.042696	
2.763000	0.361966	8.683781	-6.196169	-0.034387	-0.349959	0.300000	-0.002711	0.061296	-0.042485	
2.766000	0.458490	8.683781	-6.196466	-0.043557	-0.349959	0.300000	-0.003434	0.061296	-0.042485	
2.769000	0.603276	8.683781	-6.197042	-0.057311	-0.349959	0.300000	-0.004519	0.061296	-0.042485	
2.772000	0.772191	8.683781	-6.197912	-0.073358	-0.349959	0.300000	-0.005784	0.061296	-0.042485	
2.775000	0.965636	8.740229	-6.143797	-0.091735	-0.355322	0.300000	-0.007230	0.061719	-0.042062	
2.778000	1.207540	8.796700	-6.090414	-0.114716	-0.360687	0.300000	-0.009038	0.062142	-0.041639	
2.781000	1.425479	8.853195	-6.037233	-0.135421	-0.366054	0.300000	-0.010664	0.062564	-0.041216	
2.784000	1.644274	8.966256	-5.929158	-0.156206	-0.376794	0.300000	-0.012291	0.063410	-0.040371	
2.787000	1.767017	9.078246	-5.790723	-0.167867	-0.387433	0.300000	-0.013195	0.064255	-0.039314	
2.790000	1.866548	9.247069	-5.597002	-0.177322	-0.403472	0.300000	-0.013918	0.065524	-0.037835	
2.793000	1.917388	9.417260	-5.432369	-0.182152	-0.419640	0.300000	-0.014279	0.066792	-0.036566	
2.796000	1.918931	9.560297	-5.324278	-0.182298	-0.433228	0.300000	-0.014279	0.067849	-0.035721	
2.799000	1.895834	9.616080	-5.239429	-0.180104	-0.438528	0.300000	-0.014099	0.068271	-0.035087	
2.802000	1.914632	9.659532	-5.625360	-0.181890	-0.442656	0.000000	-0.014279	0.068483	-0.037835	
2.805000	1.898710	9.618099	-6.740286	-0.180377	-0.438719	0.000000	-0.014279	0.067849	-0.045867	
2.808000	1.881110	9.592078	-7.972781	-0.178705	-0.436247	0.000000	-0.014279	0.067215	-0.054744	
2.811000	1.861834	9.584605	-9.322587	-0.176874	-0.435537	0.000000	-0.014279	0.066580	-0.064467	
2.814000	1.844700	9.549977	-10.522431	-0.175246	-0.432248	0.000000	-0.014279	0.065735	-0.073133	
2.817000	1.805273	9.520994	-11.662427	-0.171501	-0.429494	0.000000	-0.014099	0.064889	-0.081376	
2.820000	1.771153	9.499668	-12.450736	-0.168260	-0.427468	0.000000	-0.013918	0.064255	-0.087083	
2.823000	1.697113	9.445176	-12.826462	-0.161226	-0.422292	0.000000	-0.013376	0.063621	-0.089831	
2.826000	1.626098	9.402245	-12.998247	-0.154479	-0.418213	0.000000	-0.012833	0.063199	-0.091099	
2.829000	1.579264	9.321923	-13.080308	-0.150030	-0.410583	0.000000	-0.012472	0.062564	-0.091733	
2.832000	1.555700	9.268404	-13.135147	-0.147792	-0.405498	0.000000	-0.012291	0.062142	-0.092156	
2.835000	1.509618	9.241653	-13.162163	-0.143414	-0.402957	0.000000	-0.011930	0.061930	-0.092367	
2.838000	1.509968	9.238934	-13.132762	-0.143447	-0.402699	0.000000	-0.011930	0.061930	-0.092156	
2.841000	1.509968	9.238934	-13.132762	-0.143447	-0.402699	0.000000	-0.011930	0.061930	-0.092156	
2.844000	1.509968	9.238934	-13.132762	-0.143447	-0.402699	0.000000	-0.011930	0.061930	-0.092156	
2.847000	1.487091	9.238934	-13.132491	-0.141274	-0.402699	0.000000	-0.011749	0.061930	-0.092156	
2.850000	1.487458	9.206748	-13.101266	-0.141309	-0.399641	0.000000	-0.011749	0.061719	-0.091944	
2.853000	1.465255	9.201338	-13.042196	-0.139199	-0.399127	0.000000	-0.011568	0.061719	-0.091522	
2.856000	1.397547	9.193270	-12.953210	-0.132767	-0.398361	0.000000	-0.011026	0.061719	-0.090888	
2.859000	1.330359	9.179948	-12.805442	-0.126384	-0.397095	0.000000	-0.010484	0.061719	-0.089831	
2.862000	1.239205	9.145190	-12.743879	-0.117724	-0.393793	0.000000	-0.009761	0.061508	-0.089408	
2.865000	1.147713	9.083611	-12.709990	-0.109033	-0.387943	0.000000	-0.009038	0.061085	-0.089197	
2.868000	1.079663	8.957854	-12.613995	-0.102568	-0.375996	0.000000	-0.008495	0.060239	-0.088563	
2.871000	0.965517	8.861623	-12.519530	-0.091724	-0.366854	0.000000	-0.007592	0.059605	-0.087928	
2.874000	0.851190	8.794920	-12.426962	-0.080863	-0.360517	0.000000	-0.006688	0.059183	-0.087294	
2.877000	0.737017	8.782126	-12.279163	-0.070017	-0.359302	0.000000	-0.005784	0.059183	-0.086237	
2.880000	0.576851	8.791455	-12.044723	-0.054801	-0.360188	0.000000	-0.004519	0.059394	-0.084547	
2.883000	0.439115	8.774153	-11.838203	-0.041716	-0.358545	0.000000	-0.003434	0.059394	-0.083067	
2.886000	0.277404	8.742230	-11.806574	-0.026353	-0.355512	0.000000	-0.002169	0.059183	-0.082856	
2.889000	0.208056	8.712754	-11.804699	-0.019765	-0.352712	0.000000	-0.001627	0.058971	-0.082856	
