19.082	
19.083	
19.084	
19.085	
19.086	
19.087	
19.088	
19.089	
19.090	
19.091	
19.092	
19.093	
19.094	
19.095	
19.096	
19.097	
19.098	
19.099	
19.100	
19.101	
19.102	
19.103	
19.104	
19.105	
19.106	
19.107	
19.108	
19.109	
19.110	
19.111	
19.112	
19.113	
19.114	
19.115	
19.116	
19.117	
19.118	
19.119	
19.120	
19.121	
19.122	
19.123	
19.124	
19.125	
19.126	
19.127	
19.128	
19.129	
19.130	
19.131	
19.132	
19.133	
19.134	
19.135	
19.136	
19.137	
19.138	
19.139	
19.140	
19.141	
19.142	
19.143	
19.144	
19.145	
19.146	
19.147	
19.148	
19.149	
19.150	
19.151	
19.152	
19.153	
19.154	
19.155	
19.156	
19.157	
19.158	
19.159	
19.160	
19.161	
19.162	
19.163	
19.164	
19.165	
19.166	
19.167	
19.168	
19.169	
19.170	
19.171	
19.172	
19.173	
19.174	
19.175	
19.176	
19.177	
19.178	
19.179	
19.180	
19.181	
19.182	
19.183	
19.184	
19.185	
19.186	
19.187	
19.188	
19.189	
19.190	
19.191	
19.192	
19.193	
19.194	
19.195	
19.196	
19.197	
19.198	
19.199	
19.200	
19.201	
19.202	
19.203	
19.204	
19.205	
19.206	
19.207	
19.208	
19.209	
19.210	
19.211	
19.212	
19.213	
19.214	
19.215	
19.216	
19.217	
19.218	
19.219	
19.220	
19.221	
19.222	
19.223	
19.224	
19.225	
19.226	
19.227	
19.228	
19.229	
19.230	
19.231	
19.232	
19.233	
19.234	
19.235	
19.236	
19.237	
19.238	
19.239	
19.240	
19.241	
19.242	
19.243	
19.244	
19.245	
19.246	
19.247	
19.248	
19.249	
19.250	
19.251	
19.252	
19.253	
19.254	
19.255	
19.256	
19.257	
19.258	
19.259	
19.260	
19.261	
19.262	
19.263	
19.264	
19.265	
19.266	
19.267	
19.268	
19.269	
19.270	
19.271	
19.272	
19.273	
19.274	
19.275	
19.276	
19.277	
19.278	
19.279	
19.280	
19.281	
19.282	
19.283	
19.284	
19.285	
19.286	
19.287	
19.288	
19.289	
19.290	
19.291	
19.292	
19.293	
19.294	
19.295	
19.296	
19.297	
19.298	
19.299	
19.300	
19.301	
19.302	
19.303	
19.304	
19.305	
19.306	
19.307	
19.308	
19.309	
19.310	
19.311	
19.312	
19.313	
19.314	
19.315	
19.316	
19.317	
19.318	
19.319	
19.320	
19.321	
19.322	
19.323	
19.324	
19.325	
19.326	
19.327	
19.328	
19.329	
19.330	
19.331	
19.332	
19.333	
19.334	
19.335	
19.336	
19.337	
19.338	
19.339	
19.340	
19.341	
19.342	
19.343	
19.344	
19.345	
19.346	
19.347	
19.348	
19.349	
19.350	
19.351	
19.352	
19.353	
19.354	
19.355	
19.356	
19.357	
19.358	
19.359	
19.360	
19.361	
19.362	
19.363	
19.364	
19.365	
19.366	
19.367	
19.368	
19.369	
19.370	
19.371	
19.372	
19.373	
19.374	
19.375	
19.376	
19.377	
19.378	
19.379	
19.380	
19.381	
19.382	
19.383	
19.384	
19.385	
19.386	
19.387	
19.388	
19.389	
19.390	
19.391	
19.392	
19.393	
19.394	
19.395	
19.396	
19.397	
19.398	
19.399	
19.400	
19.401	
19.402	
19.403	
19.404	
19.405	
19.406	
19.407	
19.408	
19.409	
19.410	
19.411	
19.412	
19.413	
19.414	
19.415	
19.416	
19.417	
19.418	
19.419	
19.420	
19.421	
19.422	
19.423	
19.424	
19.425	
19.426	
19.427	
19.428	
19.429	
19.430	
19.431	
19.432	
19.433	
19.434	
19.435	
19.436	
19.437	
19.438	
19.439	
19.440	
19.441	
19.442	
19.443	
19.444	
19.445	
19.446	
19.447	
19.448	
19.449	
19.450	
19.451	
19.452	
19.453	
19.454	
19.455	
19.456	
19.457	
19.458	
19.459	
19.460	
19.461	
19.462	
19.463	
19.464	
19.465	
19.466	
19.467	
19.468	
19.469	
19.470	
19.471	
19.472	
19.473	
19.474	
19.475	
19.476	
19.477	
19.478	
19.479	
19.480	
19.481	
19.482	
19.483	
19.484	
19.485	
19.486	
19.487	
19.488	
19.489	
19.490	
19.491	
19.492	
19.493	
19.494	
19.495	
19.496	
19.497	
19.498	
19.499	
19.500	
19.501	
19.502	
19.503	
19.504	
19.505	
19.506	
19.507	
19.508	
19.509	
19.510	
19.511	
19.512	
19.513	
19.514	
19.515	
19.516	
19.517	
19.518	
19.519	
19.520	
19.521	
19.522	
19.523	
19.524	
19.525	
19.526	
19.527	
19.528	
19.529	
19.530	
19.531	
19.532	
19.533	
19.534	
19.535	
19.536	
19.537	
19.538	
19.539	
19.540	
19.541	
19.542	
19.543	
19.544	
19.545	
19.546	
19.547	
19.548	
19.549	
19.550	
19.551	
19.552	
19.553	
19.554	
19.555	
19.556	
19.557	
19.558	
19.559	
19.560	
19.561	
19.562	
19.563	
19.564	
19.565	
19.566	
19.567	
19.568	
19.569	
19.570	
19.571	
19.572	
19.573	
19.574	
19.575	
19.576	
19.577	
19.578	
19.579	
19.580	
19.581	
19.582	
19.583	
19.584	
19.585	
19.586	
19.587	
19.588	
19.589	
19.590	
19.591	
19.592	
19.593	
19.594	
19.595	
19.596	
19.597	
19.598	
19.599	
19.600	
19.601	
19.602	
19.603	
19.604	
19.605	
19.606	
19.607	
19.608	
19.609	
19.610	
19.611	
19.612	
19.613	
19.614	
19.615	
19.616	
19.617	
19.618	
19.619	
19.620	
19.621	
19.622	
19.623	
19.624	
19.625	
19.626	
19.627	
19.628	
19.629	
19.630	
19.631	
19.632	
19.633	
19.634	
19.635	
19.636	
19.637	
19.638	
19.639	
19.640	
19.641	
19.642	
19.643	
19.644	
19.645	
19.646	
19.647	
19.648	
19.649	
19.650	
19.651	
19.652	
19.653	
19.654	
19.655	
19.656	
19.657	
19.658	
19.659	
19.660	
19.661	
19.662	
19.663	
19.664	
19.665	
19.666	
19.667	
19.668	
19.669	
19.670	
19.671	
19.672	
19.673	
19.674	
19.675	
19.676	
19.677	
19.678	
19.679	
19.680	
19.681	
19.682	
19.683	
19.684	
19.685	
19.686	
19.687	
19.688	
19.689	
19.690	
19.691	
19.692	
19.693	
19.694	
19.695	
19.696	
19.697	
19.698	
19.699	
19.700	
19.701	
19.702	
19.703	
19.704	
19.705	
19.706	
19.707	
19.708	
19.709	
19.710	
19.711	
19.712	
19.713	
19.714	
19.715	
19.716	
19.717	
19.718	
19.719	
19.720	
19.721	
19.722	
19.723	
19.724	
19.725	
19.726	
19.727	
19.728	
19.729	
19.730	
19.731	
19.732	
19.733	
19.734	
19.735	
19.736	
19.737	
19.738	
19.739	
19.740	
19.741	
19.742	
19.743	
19.744	
19.745	
19.746	
19.747	
19.748	
19.749	
19.750	
19.751	
19.752	
19.753	
19.754	
19.755	
19.756	
19.757	
19.758	
19.759	
19.760	
19.761	
19.762	
19.763	
19.764	
19.765	
19.766	
19.767	
19.768	
19.769	
19.770	
19.771	
19.772	
19.773	
19.774	
19.775	
19.776	
19.777	
19.778	
19.779	
19.780	
19.781	
19.782	
19.783	
19.784	
19.785	
19.786	
19.787	
19.788	
19.789	
19.790	
19.791	
19.792	
19.793	
19.794	
19.795	
19.796	
19.797	
19.798	
19.799	
19.800	
19.801	
19.802	
19.803	
19.804	
19.805	
19.806	
19.807	
19.808	
19.809	
19.810	
19.811	
19.812	
19.813	
19.814	
19.815	
19.816	
19.817	
19.818	
19.819	
19.820	
19.821	
19.822	
19.823	
19.824	
19.825	
19.826	
19.827	
19.828	
19.829	
19.830	
19.831	
19.832	
19.833	
19.834	
19.835	
19.836	
19.837	
19.838	
19.839	
19.840	
19.841	
19.842	
19.843	
19.844	
19.845	
19.846	
19.847	
19.848	
19.849	
19.850	
19.851	
19.852	
19.853	
19.854	
19.855	
19.856	
19.857	
19.858	
19.859	
19.860	
19.861	
19.862	
19.863	
19.864	
19.865	
19.866	
19.867	
19.868	
19.869	
19.870	
19.871	
19.872	
19.873	
19.874	
19.875	
19.876	
19.877	
19.878	
19.879	
19.880	
19.881	
19.882	
19.883	
19.884	
19.885	
19.886	
19.887	
19.888	
19.889	
19.890	
19.891	
19.892	
19.893	
19.894	
19.895	
19.896	
19.897	
19.898	
19.899	
19.900	
19.901	
19.902	
19.903	
19.904	
19.905	
19.906	
19.907	
19.908	
19.909	
19.910	
19.911	
19.912	
19.913	
19.914	
19.915	
19.916	
19.917	
19.918	
19.919	
19.920	
19.921	
19.922	
19.923	
19.924	
19.925	
19.926	
19.927	
19.928	
19.929	
19.930	
19.931	
19.932	
19.933	
19.934	
19.935	
19.936	
19.937	
19.938	
19.939	
19.940	
19.941	
19.942	
19.943	
19.944	
19.945	
19.946	
19.947	
19.948	
19.949	
19.950	
19.951	
19.952	
19.953	
19.954	
19.955	
19.956	
19.957	
19.958	
19.959	
19.960	
19.961	
19.962	
19.963	
19.964	
19.965	
19.966	
19.967	
19.968	
19.969	
19.970	
19.971	
19.972	
19.973	
19.974	
19.975	
19.976	
19.977	
19.978	
19.979	
19.980	
19.981	
19.982	
19.983	
19.984	
19.985	
19.986	
19.987	
19.988	
19.989	
19.990	
19.991	
19.992	
19.993	
19.994	
19.995	
19.996	
19.997	
19.998	
19.999	
20.000	
20.001	
20.002	
20.003	
20.004	
20.005	
20.006	
20.007	
20.008	
20.009	
20.010	
20.011	
20.012	
20.013	
20.014	
20.015	
20.016	
20.017	
20.018	
20.019	
20.020	
20.021	
20.022	
20.023	
20.024	
20.025	
20.026	
20.027	
20.028	
20.029	
20.030	
20.031	
20.032	
20.033	
20.034	
20.035	
20.036	
20.037	
20.038	
20.039	
20.040	
20.041	
20.042	
20.043	
20.044	
20.045	
20.046	
20.047	
20.048	
20.049	
20.050	
20.051	
20.052	
20.053	
20.054	
20.055	
20.056	
20.057	
20.058	
20.059	
20.060	
20.061	
20.062	
20.063	
20.064	
20.065	
20.066	
20.067	
20.068	
20.069	
20.070	
20.071	
20.072	
20.073	
20.074	
20.075	
20.076	
20.077	
20.078	
20.079	
20.080	
20.081	
20.082	
20.083	
20.084	
20.085	
20.086	
20.087	
20.088	
20.089	
20.090	
20.091	
20.092	
20.093	
20.094	
20.095	
20.096	
20.097	
20.098	
20.099	
20.100	
20.101	
20.102	
20.103	
20.104	
20.105	
20.106	
20.107	
20.108	
20.109	
20.110	
20.111	
20.112	
20.113	
20.114	
20.115	
20.116	
20.117	
20.118	
20.119	
20.120	
20.121	
20.122	
20.123	
20.124	
20.125	
20.126	
20.127	
20.128	
20.129	
20.130	
20.131	
20.132	
20.133	
20.134	
20.135	
20.136	
20.137	
20.138	
20.139	
20.140	
20.141	
20.142	
20.143	
20.144	
20.145	
20.146	
20.147	
20.148	
20.149	
20.150	
20.151	
20.152	
20.153	
20.154	
20.155	
20.156	
20.157	
20.158	
20.159	
20.160	
20.161	
20.162	
20.163	
20.164	
20.165	
20.166	
20.167	
20.168	
20.169	
20.170	
20.171	
20.172	
20.173	
20.174	
20.175	
20.176	
20.177	
20.178	
20.179	
20.180	
20.181	
20.182	
20.183	
20.184	
20.185	
20.186	
20.187	
20.188	
20.189	
20.190	
20.191	
20.192	
20.193	
20.194	
20.195	
20.196	
20.197	
20.198	
20.199	
20.200	
20.201	
20.202	
20.203	
20.204	
20.205	
20.206	
20.207	
20.208	
20.209	
20.210	
20.211	
20.212	
20.213	
20.214	
20.215	
20.216	
20.217	
20.218	
20.219	
20.220	
20.221	
20.222	
20.223	
20.224	
20.225	
20.226	
20.227	
20.228	
20.229	
20.230	
20.231	
20.232	
20.233	
20.234	
20.235	
20.236	
20.237	
20.238	
20.239	
20.240	
20.241	
20.242	
20.243	
20.244	
20.245	
20.246	
20.247	
20.248	
20.249	
20.250	
20.251	
20.252	
20.253	
20.254	
20.255	
20.256	
20.257	
20.258	
20.259	
20.260	
20.261	
20.262	
20.263	
20.264	
20.265	
20.266	
20.267	
20.268	
20.269	
20.270	
20.271	
20.272	
20.273	
20.274	
20.275	
20.276	
20.277	
20.278	
20.279	
20.280	
20.281	
20.282	
20.283	
20.284	
20.285	
20.286	
20.287	
20.288	
20.289	
20.290	
20.291	
20.292	
20.293	
20.294	
20.295	
20.296	
20.297	
20.298	
20.299	
20.300	
20.301	
20.302	
20.303	
20.304	
20.305	
20.306	
20.307	
20.308	
20.309	
20.310	
20.311	
20.312	
20.313	
20.314	
20.315	
20.316	
20.317	
20.318	
20.319	
20.320	
20.321	
20.322	
20.323	
20.324	
20.325	
20.326	
20.327	
20.328	
20.329	
20.330	
20.331	
20.332	
20.333	
20.334	
20.335	
20.336	
20.337	
20.338	
20.339	
20.340	
20.341	
20.342	
20.343	
20.344	
20.345	
20.346	
20.347	
20.348	
20.349	
20.350	
20.351	
20.352	
20.353	
20.354	
20.355	
20.356	
20.357	
20.358	
20.359	
20.360	
20.361	
20.362	
20.363	
20.364	
20.365	
20.366	
20.367	
20.368	
20.369	
20.370	
20.371	
20.372	
20.373	
20.374	
20.375	
20.376	
20.377	
20.378	
20.379	
20.380	
20.381	
20.382	
20.383	
20.384	
20.385	
20.386	
20.387	
20.388	
20.389	
20.390	
20.391	
20.392	
20.393	
20.394	
20.395	
20.396	
20.397	
20.398	
20.399	
20.400	
20.401	
20.402	
20.403	
20.404	
20.405	
20.406	
20.407	
20.408	
20.409	
20.410	
20.411	
20.412	
20.413	
20.414	
20.415	
20.416	
20.417	
20.418	
20.419	
20.420	
20.421	
20.422	
20.423	
20.424	
20.425	
20.426	
20.427	
20.428	
20.429	
20.430	
20.431	
20.432	
20.433	
20.434	
20.435	
20.436	
20.437	
20.438	
20.439	
20.440	
20.441	
20.442	
20.443	
20.444	
20.445	
20.446	
20.447	
20.448	
20.449	
20.450	
20.451	
20.452	
20.453	
20.454	
20.455	
20.456	
20.457	
20.458	
20.459	
20.460	
20.461	
20.462	
20.463	
20.464	
20.465	
20.466	
20.467	
20.468	
20.469	
20.470	
20.471	
20.472	
20.473	
20.474	
20.475	
20.476	
20.477	
20.478	
20.479	
20.480	
20.481	
20.482	
20.483	
20.484	
20.485	
20.486	
20.487	
20.488	
20.489	
20.490	
20.491	
20.492	
20.493	
20.494	
20.495	
20.496	
20.497	
20.498	
20.499	
20.500	
20.501	
20.502	
20.503	
20.504	
20.505	
20.506	
20.507	
20.508	
20.509	
20.510	
20.511	
20.512	
20.513	
20.514	
20.515	
20.516	
20.517	
20.518	
20.519	
20.520	
20.521	
20.522	
20.523	
20.524	
20.525	
20.526	
20.527	
20.528	
20.529	
20.530	
20.531	
20.532	
20.533	
20.534	
20.535	
20.536	
20.537	
20.538	
20.539	
20.540	
20.541	
20.542	
20.543	
20.544	
20.545	
20.546	
20.547	
20.548	
20.549	
20.550	
20.551	
20.552	
20.553	
20.554	
20.555	
20.556	
20.557	
20.558	
20.559	
20.560	
20.561	
20.562	
20.563	
20.564	
20.565	
20.566	
20.567	
20.568	
20.569	
20.570	
20.571	
20.572	
20.573	
20.574	
20.575	
20.576	
20.577	
20.578	
20.579	
20.580	
20.581	
20.582	
20.583	
20.584	
20.585	
20.586	
20.587	
20.588	
20.589	
20.590	
20.591	
20.592	
20.593	
20.594	
20.595	
20.596	
20.597	
20.598	
20.599	
20.600	
20.601	
20.602	
20.603	
20.604	
20.605	
20.606	
20.607	
20.608	
20.609	
20.610	
20.611	
20.612	
20.613	
20.614	
20.615	
20.616	
20.617	
20.618	
20.619	
20.620	
20.621	
20.622	
20.623	
20.624	
20.625	
20.626	
20.627	
20.628	
20.629	
20.630	
20.631	
20.632	
20.633	
20.634	
20.635	
20.636	
20.637	
20.638	
20.639	
20.640	
20.641	
20.642	
20.643	
20.644	
20.645	
20.646	
20.647	
20.648	
20.649	
20.650	
20.651	
20.652	
20.653	
20.654	
20.655	
20.656	
20.657	
20.658	
20.659	
20.660	
20.661	
20.662	
20.663	
20.664	
20.665	
20.666	
20.667	
20.668	
20.669	
20.670	
20.671	
20.672	
20.673	
20.674	
20.675	
20.676	
20.677	
20.678	
20.679	
20.680	
20.681	
20.682	
20.683	
20.684	
20.685	
20.686	
20.687	
20.688	
20.689	
20.690	
20.691	
20.692	
20.693	
20.694	
20.695	
20.696	
20.697	
20.698	
20.699	
20.700	
20.701	
20.702	
20.703	
20.704	
20.705	
20.706	
20.707	
20.708	
20.709	
20.710	
20.711	
20.712	
20.713	
20.714	
20.715	
20.716	
20.717	
20.718	
20.719	
20.720	
20.721	
20.722	
20.723	
20.724	
20.725	
20.726	
20.727	
20.728	
20.729	
20.730	
20.731	
20.732	
20.733	
20.734	
20.735	
20.736	
20.737	
20.738	
20.739	
20.740	
20.741	
20.742	
20.743	
20.744	
20.745	
20.746	
20.747	
20.748	
20.749	
20.750	
20.751	
20.752	
20.753	
20.754	
20.755	
20.756	
20.757	
20.758	
20.759	
20.760	
20.761	
20.762	
20.763	
20.764	
20.765	
20.766	
20.767	
20.768	
20.769	
20.770	
20.771	
20.772	
20.773	
20.774	
20.775	
20.776	
20.777	
20.778	
20.779	
20.780	
20.781	
20.782	
20.783	
20.784	
20.785	
20.786	
20.787	
20.788	
20.789	
20.790	
20.791	
20.792	
20.793	
20.794	
20.795	
20.796	
20.797	
20.798	
20.799	
20.800	
20.801	
20.802	
20.803	
20.804	
20.805	
20.806	
20.807	
20.808	
20.809	
20.810	
20.811	
20.812	
20.813	
20.814	
20.815	
20.816	
20.817	
20.818	
20.819	
20.820	
20.821	
20.822	
20.823	
20.824	
20.825	
20.826	
20.827	
20.828	
20.829	
20.830	
20.831	
20.832	
20.833	
20.834	
20.835	
20.836	
20.837	
20.838	
20.839	
20.840	
20.841	
20.842	
20.843	
20.844	
20.845	
20.846	
20.847	
20.848	
20.849	
20.850	
20.851	
20.852	
20.853	
20.854	
20.855	
20.856	
20.857	
20.858	
20.859	
20.860	
20.861	
20.862	
20.863	
20.864	
20.865	
20.866	
20.867	
20.868	
20.869	
20.870	
20.871	
20.872	
20.873	
20.874	
20.875	
20.876	
20.877	
20.878	
20.879	
20.880	
20.881	
20.882	
20.883	
20.884	
20.885	
20.886	
20.887	
20.888	
20.889	
20.890	
20.891	
20.892	
20.893	
20.894	
20.895	
20.896	
20.897	
20.898	
20.899	
20.900	
20.901	
20.902	
20.903	
20.904	
20.905	
20.906	
20.907	
20.908	
20.909	
20.910	
20.911	
20.912	
20.913	
20.914	
20.915	
20.916	
20.917	
20.918	
20.919	
20.920	
20.921	
20.922	
20.923	
20.924	
20.925	
20.926	
20.927	
20.928	
20.929	
20.930	
20.931	
20.932	
20.933	
20.934	
20.935	
20.936	
20.937	
20.938	
20.939	
20.940	
20.941	
20.942	
20.943	
20.944	
20.945	
20.946	
20.947	
20.948	
20.949	
20.950	
20.951	
20.952	
20.953	
20.954	
20.955	
20.956	
20.957	
20.958	
20.959	
20.960	
20.961	
20.962	
20.963	
20.964	
20.965	
20.966	
20.967	
20.968	
20.969	
20.970	
20.971	
20.972	
20.973	
20.974	
20.975	
20.976	
20.977	
20.978	
20.979	
20.980	
20.981	
20.982	
20.983	
20.984	
20.985	
20.986	
20.987	
20.988	
20.989	
20.990	
20.991	
20.992	
20.993	
20.994	
20.995	
20.996	
20.997	
20.998	
20.999	
21.000	
21.001	
21.002	
21.003	
21.004	
21.005	
21.006	
21.007	
21.008	
21.009	
21.010	
21.011	
21.012	
21.013	
21.014	
21.015	
21.016	
21.017	
21.018	
21.019	
21.020	
21.021	
21.022	
21.023	
21.024	
21.025	
21.026	
21.027	
21.028	
21.029	
21.030	
21.031	
21.032	
21.033	
21.034	
21.035	
21.036	
21.037	
21.038	
21.039	
21.040	
21.041	
21.042	
21.043	
21.044	
21.045	
21.046	
21.047	
21.048	
21.049	
21.050	
21.051	
21.052	
21.053	
21.054	
21.055	
21.056	
21.057	
21.058	
21.059	
21.060	
21.061	
21.062	
21.063	
21.064	
21.065	
21.066	
21.067	
21.068	
21.069	
21.070	
21.071	
21.072	
21.073	
21.074	
21.075	
21.076	
21.077	
21.078	
21.079	
21.080	
21.081	
21.082	
21.083	
21.084	
21.085	
21.086	
21.087	
21.088	
21.089	
21.090	
21.091	
21.092	
21.093	
21.094	
21.095	
21.096	
21.097	
21.098	
21.099	
21.100	
21.101	
21.102	
21.103	
21.104	
21.105	
21.106	
21.107	
21.108	
21.109	
21.110	
21.111	
21.112	
21.113	
21.114	
21.115	
21.116	
21.117	
21.118	
21.119	
21.120	
21.121	
21.122	
21.123	
21.124	
21.125	
21.126	
21.127	
21.128	
21.129	
21.130	
21.131	
21.132	
21.133	
21.134	
21.135	
21.136	
21.137	
21.138	
21.139	
21.140	
21.141	
21.142	
21.143	
21.144	
21.145	
21.146	
21.147	
21.148	
21.149	
21.150	
21.151	
21.152	
21.153	
21.154	
21.155	
21.156	
21.157	
21.158	
21.159	
21.160	
21.161	
21.162	
21.163	
21.164	
21.165	
21.166	
21.167	
21.168	
21.169	
21.170	
21.171	
21.172	
21.173	
21.174	
21.175	
21.176	
21.177	
21.178	
21.179	
21.180	
21.181	
21.182	
21.183	
21.184	
21.185	
21.186	
21.187	
21.188	
21.189	
21.190	
21.191	
21.192	
21.193	
21.194	
21.195	
21.196	
21.197	
21.198	
21.199	
21.200	
21.201	
21.202	
21.203	
21.204	
21.205	
21.206	
21.207	
21.208	
21.209	
21.210	
21.211	
21.212	
21.213	
21.214	
21.215	
21.216	
21.217	
21.218	
21.219	
21.220	
21.221	
21.222	
21.223	
21.224	
21.225	
21.226	
21.227	
21.228	
21.229	
21.230	
21.231	
21.232	
21.233	
21.234	
21.235	
21.236	
21.237	
21.238	
21.239	
21.240	
21.241	
21.242	
21.243	
21.244	
21.245	
21.246	
21.247	
21.248	
21.249	
21.250	
21.251	
21.252	
21.253	
21.254	
21.255	
21.256	
21.257	
21.258	
21.259	
21.260	
21.261	
21.262	
21.263	
21.264	
21.265	
21.266	
21.267	
21.268	
21.269	
21.270	
21.271	
21.272	
21.273	
21.274	
21.275	
21.276	
21.277	
21.278	
21.279	
21.280	
21.281	
21.282	
21.283	
21.284	
21.285	
21.286	
21.287	
21.288	
21.289	
21.290	
21.291	
21.292	
21.293	
21.294	
21.295	
21.296	
21.297	
21.298	
21.299	
21.300	
21.301	
21.302	
21.303	
21.304	
21.305	
21.306	
21.307	
21.308	
21.309	
21.310	
21.311	
21.312	
21.313	
21.314	
21.315	
21.316	
21.317	
21.318	
21.319	
21.320	
21.321	
21.322	
21.323	
21.324	
21.325	
21.326	
21.327	
21.328	
21.329	
21.330	
21.331	
21.332	
21.333	
21.334	
21.335	
21.336	
21.337	
21.338	
21.339	
21.340	
21.341	
21.342	
21.343	
21.344	
21.345	
21.346	
21.347	
21.348	
21.349	
21.350	
21.351	
21.352	
21.353	
21.354	
21.355	
21.356	
21.357	
21.358	
21.359	
21.360	
21.361	
21.362	
21.363	
21.364	
21.365	
21.366	
21.367	
21.368	
21.369	
21.370	
21.371	
21.372	
21.373	
21.374	
21.375	
21.376	
21.377	
21.378	
21.379	
21.380	
21.381	
21.382	
21.383	
21.384	
21.385	
21.386	
21.387	
21.388	
21.389	
21.390	
21.391	
21.392	
21.393	
21.394	
21.395	
21.396	
21.397	
21.398	
21.399	
21.400	
21.401	
21.402	
21.403	
21.404	
21.405	
21.406	
21.407	
21.408	
21.409	
21.410	
21.411	
21.412	
21.413	
21.414	
21.415	
21.416	
21.417	
21.418	
21.419	
21.420	
21.421	
21.422	
21.423	
21.424	
21.425	
21.426	
21.427	
21.428	
21.429	
21.430	
21.431	
21.432	
21.433	
21.434	
21.435	
21.436	
21.437	
21.438	
21.439	
21.440	
21.441	
21.442	
21.443	
21.444	
21.445	
21.446	
21.447	
21.448	
21.449	
21.450	
21.451	
21.452	
21.453	
21.454	
21.455	
21.456	
21.457	
21.458	
21.459	
21.460	
21.461	
21.462	
21.463	
21.464	
21.465	
21.466	
21.467	
21.468	
21.469	
21.470	
21.471	
21.472	
21.473	
21.474	
21.475	
21.476	
21.477	
21.478	
21.479	
21.480	
21.481	
21.482	
21.483	
21.484	
21.485	
21.486	
21.487	
21.488	
21.489	
21.490	
21.491	
21.492	
21.493	
21.494	
21.495	
21.496	
21.497	
21.498	
21.499	
21.500	
21.501	
21.502	
21.503	
21.504	
21.505	
21.506	
21.507	
21.508	
21.509	
21.510	
21.511	
21.512	
21.513	
21.514	
21.515	
21.516	
21.517	
21.518	
21.519	
21.520	
21.521	
21.522	
21.523	
21.524	
21.525	
21.526	
21.527	
21.528	
21.529	
21.530	
21.531	
21.532	
21.533	
21.534	
21.535	
21.536	
21.537	
21.538	
21.539	
21.540	
21.541	
21.542	
21.543	
21.544	
21.545	
21.546	
21.547	
21.548	
21.549	
21.550	
21.551	
21.552	
21.553	
21.554	
21.555	
21.556	
21.557	
21.558	
21.559	
21.560	
21.561	
21.562	
21.563	
21.564	
21.565	
21.566	
21.567	
21.568	
21.569	
21.570	
21.571	
21.572	
21.573	
21.574	
21.575	
21.576	
21.577	
21.578	
21.579	
21.580	
21.581	
21.582	
21.583	
21.584	
21.585	
21.586	
21.587	
21.588	
21.589	
21.590	
21.591	
21.592	
21.593	
21.594	
21.595	
21.596	
21.597	
21.598	
21.599	
21.600	
21.601	
21.602	
21.603	
21.604	
21.605	
21.606	
21.607	
21.608	
21.609	
21.610	
21.611	
21.612	
21.613	
21.614	
21.615	
21.616	
21.617	
21.618	
21.619	
21.620	
21.621	
21.622	
21.623	
21.624	
21.625	
21.626	
21.627	
21.628	
21.629	
21.630	
21.631	
21.632	
21.633	
21.634	
21.635	
21.636	
21.637	
21.638	
21.639	
21.640	
21.641	
21.642	
21.643	
21.644	
21.645	
21.646	
21.647	
21.648	
21.649	
21.650	
21.651	
21.652	
21.653	
21.654	
21.655	
21.656	
21.657	
21.658	
21.659	
21.660	
21.661	
21.662	
21.663	
21.664	
21.665	
21.666	
21.667	
21.668	
21.669	
21.670	
21.671	
21.672	
21.673	
21.674	
21.675	
21.676	
21.677	
21.678	
21.679	
21.680	
21.681	
21.682	
21.683	
21.684	
21.685	
21.686	
21.687	
21.688	
21.689	
21.690	
21.691	
21.692	
21.693	
21.694	
21.695	
21.696	
21.697	
21.698	
21.699	
21.700	
21.701	
21.702	
21.703	
21.704	
21.705	
21.706	
21.707	
21.708	
21.709	
21.710	
21.711	
21.712	
21.713	
21.714	
21.715	
21.716	
21.717	
21.718	
21.719	
21.720	
21.721	
21.722	
21.723	
21.724	
21.725	
21.726	
21.727	
21.728	
21.729	
21.730	
21.731	
21.732	
21.733	
21.734	
21.735	
21.736	
21.737	
21.738	
21.739	
21.740	
21.741	
21.742	
21.743	
21.744	
21.745	
21.746	
21.747	
21.748	
21.749	
21.750	
21.751	
21.752	
21.753	
21.754	
21.755	
21.756	
21.757	
21.758	
21.759	
21.760	
21.761	
21.762	
21.763	
21.764	
21.765	
21.766	
21.767	
21.768	
21.769	
21.770	
21.771	
21.772	
21.773	
21.774	
21.775	
21.776	
21.777	
21.778	
21.779	
21.780	
21.781	
21.782	
21.783	
21.784	
21.785	
21.786	
21.787	
21.788	
21.789	
21.790	
21.791	
21.792	
21.793	
21.794	
21.795	
21.796	
21.797	
21.798	
21.799	
21.800	
21.801	
21.802	
21.803	
21.804	
21.805	
21.806	
21.807	
21.808	
21.809	
21.810	
21.811	
21.812	
21.813	
21.814	
21.815	
21.816	
21.817	
21.818	
21.819	
21.820	
21.821	
21.822	
21.823	
21.824	
21.825	
21.826	
21.827	
21.828	
21.829	
21.830	
21.831	
21.832	
21.833	
21.834	
21.835	
21.836	
21.837	
21.838	
21.839	
21.840	
21.841	
21.842	
21.843	
21.844	
21.845	
21.846	
21.847	
21.848	
21.849	
21.850	
21.851	
21.852	
21.853	
21.854	
21.855	
21.856	
21.857	
21.858	
21.859	
21.860	
21.861	
21.862	
21.863	
21.864	
21.865	
21.866	
21.867	
21.868	
21.869	
21.870	
21.871	
21.872	
21.873	
21.874	
21.875	
21.876	
21.877	
21.878	
21.879	
21.880	
21.881	
21.882	
21.883	
21.884	
21.885	
21.886	
21.887	
21.888	
21.889	
21.890	
21.891	
21.892	
21.893	
21.894	
21.895	
21.896	
21.897	
21.898	
21.899	
21.900	
21.901	
21.902	
21.903	
21.904	
21.905	
21.906	
21.907	
21.908	
21.909	
21.910	
21.911	
21.912	
21.913	
21.914	
21.915	
21.916	
21.917	
21.918	
21.919	
21.920	
21.921	
21.922	
21.923	
21.924	
21.925	
21.926	
21.927	
21.928	
21.929	
21.930	
21.931	
21.932	
21.933	
21.934	
21.935	
21.936	
21.937	
21.938	
21.939	
21.940	
21.941	
21.942	
21.943	
21.944	
21.945	
21.946	
21.947	
21.948	
21.949	
21.950	
21.951	
21.952	
21.953	
21.954	
21.955	
21.956	
21.957	
21.958	
21.959	
21.960	
21.961	
21.962	
21.963	
21.964	
21.965	
21.966	
21.967	
21.968	
21.969	
21.970	
21.971	
21.972	
21.973	
21.974	
21.975	
21.976	
21.977	
21.978	
21.979	
21.980	
21.981	
21.982	
21.983	
21.984	
21.985	
21.986	
21.987	
21.988	
21.989	
21.990	
21.991	
21.992	
21.993	
21.994	
21.995	
21.996	
21.997	
21.998	
21.999	
22.000	
22.001	
22.002	
22.003	
22.004	
22.005	
22.006	
22.007	
22.008	
22.009	
22.010	
22.011	
22.012	
22.013	
22.014	
22.015	
22.016	
22.017	
22.018	
22.019	
22.020	
22.021	
22.022	
22.023	
22.024	
22.025	
22.026	
22.027	
22.028	
22.029	
22.030	
22.031	
22.032	
22.033	
22.034	
22.035	
22.036	
22.037	
22.038	
22.039	
22.040	
22.041	
22.042	
22.043	
22.044	
22.045	
22.046	
22.047	
22.048	
22.049	
22.050	
22.051	
22.052	
22.053	
22.054	
22.055	
22.056	
22.057	
22.058	
22.059	
22.060	
22.061	
22.062	
22.063	
22.064	
22.065	
22.066	
22.067	
22.068	
22.069	
22.070	
22.071	
22.072	
22.073	
22.074	
22.075	
22.076	
22.077	
22.078	
22.079	
22.080	
22.081	
22.082	
22.083	
22.084	
22.085	
22.086	
22.087	
22.088	
22.089	
22.090	
22.091	
22.092	
22.093	
22.094	
22.095	
22.096	
22.097	
22.098	
22.099	
22.100	
22.101	
22.102	
22.103	
22.104	
22.105	
22.106	
22.107	
22.108	
22.109	
22.110	
22.111	
22.112	
22.113	
22.114	
22.115	
22.116	
22.117	
22.118	
22.119	
22.120	
22.121	
22.122	
22.123	
22.124	
22.125	
22.126	
22.127	
22.128	
22.129	
22.130	
22.131	
22.132	
22.133	
22.134	
22.135	
22.136	
22.137	
22.138	
22.139	
22.140	
22.141	
22.142	
22.143	
22.144	
22.145	
22.146	
22.147	
22.148	
22.149	
22.150	
22.151	
22.152	
22.153	
22.154	
22.155	
22.156	
22.157	
22.158	
22.159	
22.160	
22.161	
22.162	
22.163	
22.164	
22.165	
22.166	
22.167	
22.168	
22.169	
22.170	
22.171	
22.172	
22.173	
22.174	
22.175	
22.176	
22.177	
22.178	
22.179	
22.180	
22.181	
22.182	
22.183	
22.184	
22.185	
22.186	
22.187	
22.188	
22.189	
22.190	
22.191	
22.192	
22.193	
22.194	
22.195	
22.196	
22.197	
22.198	
22.199	
22.200	
22.201	
22.202	
22.203	
22.204	
22.205	
22.206	
22.207	
22.208	
22.209	
22.210	
22.211	
22.212	
22.213	
22.214	
22.215	
22.216	
22.217	
22.218	
22.219	
22.220	
22.221	
22.222	
22.223	
22.224	
22.225	
22.226	
22.227	
22.228	
22.229	
22.230	
22.231	
22.232	
22.233	
22.234	
22.235	
22.236	
22.237	
22.238	
22.239	
22.240	
22.241	
22.242	
22.243	
22.244	
22.245	
22.246	
22.247	
22.248	
22.249	
22.250	
22.251	
22.252	
22.253	
22.254	
22.255	
22.256	
22.257	
22.258	
22.259	
22.260	
22.261	
22.262	
22.263	
22.264	
22.265	
22.266	
22.267	
22.268	
22.269	
22.270	
22.271	
22.272	
22.273	
22.274	
22.275	
22.276	
22.277	
22.278	
22.279	
22.280	
22.281	
22.282	
22.283	
22.284	
22.285	
22.286	
22.287	
22.288	
22.289	
22.290	
22.291	
22.292	
22.293	
22.294	
22.295	
22.296	
22.297	
22.298	
22.299	
22.300	
22.301	
22.302	
22.303	
22.304	
22.305	
22.306	
22.307	
22.308	
22.309	
22.310	
22.311	
22.312	
22.313	
22.314	
22.315	
22.316	
22.317	
22.318	
22.319	
22.320	
22.321	
22.322	
22.323	
22.324	
22.325	
22.326	
22.327	
22.328	
22.329	
22.330	
22.331	
22.332	
22.333	
22.334	
22.335	
22.336	
22.337	
22.338	
22.339	
22.340	
22.341	
22.342	
22.343	
22.344	
22.345	
22.346	
22.347	
22.348	
22.349	
22.350	
22.351	
22.352	
22.353	
22.354	
22.355	
22.356	
22.357	
22.358	
22.359	
22.360	
22.361	
22.362	
22.363	
22.364	
22.365	
22.366	
22.367	
22.368	
22.369	
22.370	
22.371	
22.372	
22.373	
22.374	
22.375	
22.376	
22.377	
22.378	
22.379	
22.380	
22.381	
22.382	
22.383	
22.384	
22.385	
22.386	
22.387	
22.388	
22.389	
22.390	
22.391	
22.392	
22.393	
22.394	
22.395	
22.396	
22.397	
22.398	
22.399	
22.400	
22.401	
22.402	
22.403	
22.404	
22.405	
22.406	
22.407	
22.408	
22.409	
22.410	
22.411	
22.412	
22.413	
22.414	
22.415	
22.416	
22.417	
22.418	
22.419	
22.420	
22.421	
22.422	
22.423	
22.424	
22.425	
22.426	
22.427	
22.428	
22.429	
22.430	
22.431	
22.432	
22.433	
22.434	
22.435	
22.436	
22.437	
22.438	
22.439	
22.440	
22.441	
22.442	
22.443	
22.444	
22.445	
22.446	
22.447	
22.448	
22.449	
22.450	
22.451	
22.452	
22.453	
22.454	
22.455	
22.456	
22.457	
22.458	
22.459	
22.460	
22.461	
22.462	
22.463	
22.464	
22.465	
22.466	
22.467	
22.468	
22.469	
22.470	
22.471	
22.472	
22.473	
22.474	
22.475	
22.476	
22.477	
22.478	
22.479	
22.480	
22.481	
22.482	
22.483	
22.484	
22.485	
22.486	
22.487	
22.488	
22.489	
22.490	
22.491	
22.492	
22.493	
22.494	
22.495	
22.496	
22.497	
22.498	
22.499	
22.500	
22.501	
22.502	
22.503	
22.504	
22.505	
22.506	
22.507	
22.508	
22.509	
22.510	
22.511	
22.512	
22.513	
22.514	
22.515	
22.516	
22.517	
22.518	
22.519	
22.520	
22.521	
22.522	
22.523	
22.524	
22.525	
22.526	
22.527	
22.528	
22.529	
22.530	
22.531	
22.532	
22.533	
22.534	
22.535	
22.536	
22.537	
22.538	
22.539	
22.540	
22.541	
22.542	
22.543	
22.544	
22.545	
22.546	
22.547	
22.548	
22.549	
22.550	
22.551	
22.552	
22.553	
22.554	
22.555	
22.556	
22.557	
22.558	
22.559	
22.560	
22.561	
22.562	
22.563	
22.564	
22.565	
22.566	
22.567	
22.568	
22.569	
22.570	
22.571	
22.572	
22.573	
22.574	
22.575	
22.576	
22.577	
22.578	
22.579	
22.580	
22.581	
22.582	
22.583	
22.584	
22.585	
22.586	
22.587	
22.588	
22.589	
22.590	
22.591	
22.592	
22.593	
22.594	
22.595	
22.596	
22.597	
22.598	
22.599	
22.600	
22.601	
22.602	
22.603	
22.604	
22.605	
22.606	
22.607	
22.608	
22.609	
22.610	
22.611	
22.612	
22.613	
22.614	
22.615	
22.616	
22.617	
22.618	
22.619	
22.620	
22.621	
22.622	
22.623	
22.624	
22.625	
22.626	
22.627	
22.628	
22.629	
22.630	
22.631	
22.632	
22.633	
22.634	
22.635	
22.636	
22.637	
22.638	
22.639	
22.640	
22.641	
22.642	
22.643	
22.644	
22.645	
22.646	
22.647	
22.648	
22.649	
22.650	
22.651	
22.652	
22.653	
22.654	
22.655	
22.656	
22.657	
22.658	
22.659	
22.660	
22.661	
22.662	
22.663	
22.664	
22.665	
22.666	
22.667	
22.668	
22.669	
22.670	
22.671	
22.672	
22.673	
22.674	
22.675	
22.676	
22.677	
22.678	
22.679	
22.680	
22.681	
22.682	
22.683	
22.684	
22.685	
22.686	
22.687	
22.688	
22.689	
22.690	
22.691	
22.692	
22.693	
22.694	
22.695	
22.696	
22.697	
22.698	
22.699	
22.700	
22.701	
22.702	
22.703	
22.704	
22.705	
22.706	
22.707	
22.708	
22.709	
22.710	
22.711	
22.712	
22.713	
22.714	
22.715	
22.716	
22.717	
22.718	
22.719	
22.720	
22.721	
22.722	
22.723	
22.724	
22.725	
22.726	
22.727	
22.728	
22.729	
22.730	
22.731	
22.732	
22.733	
22.734	
22.735	
22.736	
22.737	
22.738	
22.739	
22.740	
22.741	
22.742	
22.743	
22.744	
22.745	
22.746	
22.747	
22.748	
22.749	
22.750	
22.751	
22.752	
22.753	
22.754	
22.755	
22.756	
22.757	
22.758	
22.759	
22.760	
22.761	
22.762	
22.763	
22.764	
22.765	
22.766	
22.767	
22.768	
22.769	
22.770	
22.771	
22.772	
22.773	
22.774	
22.775	
22.776	
22.777	
22.778	
22.779	
22.780	
22.781	
22.782	
22.783	
22.784	
22.785	
22.786	
22.787	
22.788	
22.789	
22.790	
22.791	
22.792	
22.793	
22.794	
22.795	
22.796	
22.797	
22.798	
22.799	
22.800	
22.801	
22.802	
22.803	
22.804	
22.805	
22.806	
22.807	
22.808	
22.809	
22.810	
22.811	
22.812	
22.813	
22.814	
22.815	
22.816	
22.817	
22.818	
22.819	
22.820	
22.821	
22.822	
22.823	
22.824	
22.825	
22.826	
22.827	
22.828	
22.829	
22.830	
22.831	
22.832	
22.833	
22.834	
22.835	
22.836	
22.837	
22.838	
22.839	
22.840	
22.841	
22.842	
22.843	
22.844	
22.845	
22.846	
22.847	
22.848	
22.849	
22.850	
22.851	
22.852	
22.853	
22.854	
22.855	
22.856	
22.857	
22.858	
22.859	
22.860	
22.861	
22.862	
22.863	
22.864	
22.865	
22.866	
22.867	
22.868	
22.869	
22.870	
22.871	
22.872	
22.873	
22.874	
22.875	
22.876	
22.877	
22.878	
22.879	
22.880	
22.881	
22.882	
22.883	
22.884	
22.885	
22.886	
22.887	
22.888	
22.889	
22.890	
22.891	
22.892	
22.893	
22.894	
22.895	
22.896	
22.897	
22.898	
22.899	
22.900	
22.901	
22.902	
22.903	
22.904	
22.905	
22.906	
22.907	
22.908	
22.909	
22.910	
22.911	
22.912	
22.913	
22.914	
22.915	
22.916	
22.917	
22.918	
22.919	
22.920	
22.921	
22.922	
22.923	
22.924	
22.925	
22.926	
22.927	
22.928	
22.929	
22.930	
22.931	
22.932	
22.933	
22.934	
22.935	
22.936	
22.937	
22.938	
22.939	
22.940	
22.941	
22.942	
22.943	
22.944	
22.945	
22.946	
22.947	
22.948	
22.949	
22.950	
22.951	
22.952	
22.953	
22.954	
22.955	
22.956	
22.957	
22.958	
22.959	
22.960	
22.961	
22.962	
22.963	
22.964	
22.965	
22.966	
22.967	
22.968	
22.969	
22.970	
22.971	
22.972	
22.973	
22.974	
22.975	
22.976	
22.977	
22.978	
22.979	
22.980	
22.981	
22.982	
22.983	
22.984	
22.985	
22.986	
22.987	
22.988	
22.989	
22.990	
22.991	
22.992	
22.993	
22.994	
22.995	
22.996	
22.997	
22.998	
22.999	
23.000	
23.001	
23.002	
23.003	
23.004	
23.005	
23.006	
23.007	
23.008	
23.009	
23.010	
23.011	
23.012	
23.013	
23.014	
23.015	
23.016	
23.017	
23.018	
23.019	
23.020	
23.021	
23.022	
23.023	
23.024	
23.025	
23.026	
23.027	
23.028	
23.029	
23.030	
23.031	
23.032	
23.033	
23.034	
23.035	
23.036	
23.037	
23.038	
23.039	
23.040	
23.041	
23.042	
23.043	
23.044	
23.045	
23.046	
23.047	
23.048	
23.049	
23.050	
23.051	
23.052	
23.053	
23.054	
23.055	
23.056	
23.057	
23.058	
23.059	
23.060	
23.061	
23.062	
23.063	
23.064	
23.065	
23.066	
23.067	
23.068	
23.069	
23.070	
23.071	
23.072	
23.073	
23.074	
23.075	
23.076	
23.077	
23.078	
23.079	
23.080	
23.081	
23.082	
23.083	
23.084	
23.085	
23.086	
23.087	
23.088	
23.089	
23.090	
23.091	
23.092	
23.093	
23.094	
23.095	
23.096	
23.097	
23.098	
23.099	
23.100	
23.101	
23.102	
23.103	
23.104	
23.105	
23.106	
23.107	
23.108	
23.109	
23.110	
23.111	
23.112	
23.113	
23.114	
23.115	
23.116	
23.117	
23.118	
23.119	
23.120	
23.121	
23.122	
23.123	
23.124	
23.125	
23.126	
23.127	
23.128	
23.129	
23.130	
23.131	
23.132	
23.133	
23.134	
23.135	
23.136	
23.137	
23.138	
23.139	
23.140	
23.141	
23.142	
23.143	
23.144	
23.145	
23.146	
23.147	
23.148	
23.149	
23.150	
23.151	
23.152	
23.153	
23.154	
23.155	
23.156	
23.157	
23.158	
23.159	
23.160	
23.161	
23.162	
23.163	
23.164	
23.165	
23.166	
23.167	
23.168	
23.169	
23.170	
23.171	
23.172	
23.173	
23.174	
23.175	
23.176	
23.177	
23.178	
23.179	
23.180	
23.181	
23.182	
23.183	
23.184	
23.185	
23.186	
23.187	
23.188	
23.189	
23.190	
23.191	
23.192	
23.194	
23.194	
23.195	
23.196	
23.197	
23.198	
23.199	
23.200	
23.201	
23.202	
23.203	
23.204	
23.205	
23.206	
23.207	
23.208	
23.209	
23.210	
23.211	
23.212	
23.213	
23.214	
23.215	
23.216	
23.217	
23.218	
23.219	
23.220	
23.221	
23.222	
23.223	
23.224	
23.225	
23.226	
23.227	
23.228	
23.229	
23.230	
23.231	
23.232	
23.233	
23.234	
23.235	
23.236	
23.237	
23.238	
23.239	
23.240	
23.241	
23.242	
23.243	
23.244	
23.245	
23.246	
23.247	
23.248	
23.249	
23.250	
23.251	
23.252	
23.253	
23.254	
23.255	
23.256	
23.257	
23.258	
23.259	
23.260	
23.261	
23.262	
23.263	
23.264	
23.265	
23.266	
23.267	
23.268	
23.269	
23.270	
23.271	
23.272	
23.273	
23.274	
23.275	
23.276	
23.277	
23.278	
23.279	
23.280	
23.281	
23.282	
23.283	
23.284	
23.285	
23.286	
23.287	
23.288	
23.289	
23.290	
23.291	
23.292	
23.293	
23.294	
23.295	
23.296	
23.297	
23.298	
23.299	
23.300	
23.301	
23.302	
23.303	
23.304	
23.305	
23.306	
23.307	
23.308	
23.309	
23.310	
23.311	
23.312	
23.313	
23.314	
23.315	
23.316	
23.317	
23.318	
23.319	
23.320	
23.321	
23.322	
23.323	
23.324	
23.325	
23.326	
23.327	
23.328	
23.329	
23.330	
23.331	
23.332	
23.333	
23.334	
23.335	
23.336	
23.337	
23.338	
23.339	
23.340	
23.341	
23.342	
23.343	
23.344	
23.345	
23.346	
23.347	
23.348	
23.349	
23.350	
23.351	
23.352	
23.353	
23.354	
23.355	
23.356	
23.357	
23.358	
23.359	
23.360	
23.361	
23.362	
23.363	
23.364	
23.365	
23.366	
23.367	
23.368	
23.369	
23.370	
23.371	
23.372	
23.373	
23.374	
23.375	
23.376	
23.377	
23.378	
23.379	
23.380	
23.381	
23.382	
23.383	
23.384	
23.385	
23.386	
23.387	
23.388	
23.389	
23.390	
23.391	
23.392	
23.393	
23.394	
23.395	
23.396	
23.397	
23.398	
23.399	
23.400	
23.401	
23.402	
23.403	
23.404	
23.405	
23.406	
23.407	
23.408	
23.409	
23.410	
23.411	
23.412	
23.413	
23.414	
23.415	
23.416	
23.417	
23.418	
23.419	
23.420	
23.421	
23.422	
23.423	
23.424	
23.425	
23.426	
23.427	
23.428	
23.429	
23.430	
23.431	
23.432	
23.433	
23.434	
23.435	
23.436	
23.437	
23.438	
23.439	
23.440	
23.441	
23.442	
23.443	
23.444	
23.445	
23.446	
23.447	
23.448	
23.449	
23.450	
23.451	
23.452	
23.453	
23.454	
23.455	
23.456	
23.457	
23.458	
23.459	
23.460	
23.461	
23.463	
23.463	
23.464	
23.465	
23.467	
23.467	
23.468	
23.469	
23.470	
23.471	
23.472	
23.473	
23.474	
23.475	
23.476	
23.477	
23.478	
23.480	
23.480	
23.481	
23.482	
23.483	
23.484	
23.485	
23.486	
23.487	
23.488	
23.489	
23.490	
23.491	
23.492	
23.493	
23.494	
23.495	
23.496	
23.497	
23.498	
23.499	
23.500	
23.501	
23.502	
23.503	
23.504	
23.505	
23.506	
23.507	
23.508	
23.509	
23.510	
23.511	
23.512	
23.513	
23.514	
23.515	
23.516	
23.517	
23.518	
23.519	
23.520	
23.521	
23.522	
23.523	
23.524	
23.525	
23.526	
23.527	
23.528	
23.529	
23.530	
23.531	
23.532	
23.533	
23.534	
23.535	
23.536	
23.537	
23.538	
23.539	
23.540	
23.541	
23.542	
23.543	
23.544	
23.545	
23.546	
23.547	
23.548	
23.549	
23.550	
23.551	
23.552	
23.553	
23.554	
23.555	
23.556	
23.557	
23.558	
23.559	
23.560	
23.561	
23.562	
23.563	
23.564	
23.565	
23.566	
23.567	
23.568	
23.569	
23.570	
23.571	
23.572	
23.573	
23.574	
23.575	
23.576	
23.578	
23.578	
23.579	
23.580	
23.581	
23.582	
23.583	
23.584	
23.585	
23.586	
23.587	
23.588	
23.589	
23.590	
23.591	
23.592	
23.593	
23.594	
23.595	
23.596	
23.597	
23.598	
23.599	
23.600	
23.601	
23.602	
23.603	
23.604	
23.605	
23.606	
23.607	
23.608	
23.609	
23.610	
23.611	
23.612	
23.613	
23.614	
23.615	
23.616	
23.617	
23.618	
23.619	
23.620	
23.621	
23.622	
23.623	
23.624	
23.625	
23.626	
23.627	
23.628	
23.629	
23.630	
23.631	
23.632	
23.633	
23.634	
23.635	
23.636	
23.637	
23.638	
23.639	
23.640	
23.641	
23.642	
23.643	
23.644	
23.645	
23.646	
23.647	
23.648	
23.649	
23.650	
23.651	
23.652	
23.653	
23.654	
23.655	
23.656	
23.657	
23.658	
23.659	
23.660	
23.661	
23.662	
23.663	
23.664	
23.665	
23.666	
23.667	
23.668	
23.669	
23.670	
23.671	
23.672	
23.673	
23.674	
23.675	
23.676	
23.677	
23.678	
23.679	
23.680	
23.681	
23.682	
23.683	
23.684	
23.685	
23.686	
23.687	
23.688	
23.689	
23.690	
23.691	
23.692	
23.693	
23.694	
23.695	
23.696	
23.697	
23.698	
23.699	
23.700	
23.701	
23.702	
23.703	
23.704	
23.705	
23.706	
23.707	
23.708	
23.709	
23.710	
23.711	
23.712	
23.713	
23.714	
23.715	
23.716	
23.717	
23.718	
23.719	
23.720	
23.721	
23.722	
23.723	
23.724	
23.725	
23.726	
23.727	
23.728	
23.729	
23.730	
23.731	
23.732	
23.733	
23.734	
23.735	
23.736	
23.737	
23.738	
23.739	
23.740	
23.741	
23.742	
23.743	
23.744	
23.745	
23.746	
23.747	
23.748	
23.749	
23.750	
23.751	
23.752	
23.753	
23.754	
23.755	
23.756	
23.757	
23.758	
23.759	
23.760	
23.761	
23.762	
23.763	
23.764	
23.765	
23.766	
23.767	
23.768	
23.769	
23.770	
23.771	
23.772	
23.773	
23.774	
23.775	
23.776	
23.777	
23.778	
23.779	
23.780	
23.781	
23.782	
23.783	
23.784	
23.785	
23.786	
23.787	
23.788	
23.789	
23.790	
23.791	
23.792	
23.793	
23.794	
23.795	
23.796	
23.797	
23.798	
23.799	
23.800	
23.801	
23.802	
23.803	
23.804	
23.805	
23.806	
23.807	
23.808	
23.809	
23.810	
23.811	
23.812	
23.813	
23.814	
23.815	
23.816	
23.817	
23.818	
23.819	
23.820	
23.821	
23.822	
23.823	
23.824	
23.825	
23.827	
23.827	
23.828	
23.829	
23.830	
23.831	
23.832	
23.833	
23.834	
23.835	
23.836	
23.837	
23.838	
23.839	
23.840	
23.841	
23.842	
23.843	
23.844	
23.845	
23.846	
23.847	
23.848	
23.849	
23.850	
23.851	
23.852	
23.853	
23.854	
23.855	
23.856	
23.857	
23.858	
23.859	
23.860	
23.861	
23.862	
23.863	
23.864	
23.865	
23.866	
23.867	
23.868	
23.869	
23.870	
23.871	
23.872	
23.873	
23.874	
23.875	
23.876	
23.877	
23.878	
23.879	
23.880	
23.881	
23.882	
23.883	
23.884	
23.885	
23.886	
23.887	
23.888	
23.889	
23.890	
23.891	
23.892	
23.893	
23.894	
23.895	
23.896	
23.897	
23.898	
23.899	
23.900	
23.901	
23.902	
23.903	
23.904	
23.905	
23.906	
23.907	
23.908	
23.909	
23.910	
23.911	
23.912	
23.913	
23.914	
23.915	
23.916	
23.917	
23.918	
23.919	
23.920	
23.921	
23.922	
23.923	
23.924	
23.925	
23.926	
23.927	
23.928	
23.929	
23.930	
23.931	
23.932	
23.933	
23.934	
23.935	
23.936	
23.937	
23.938	
23.939	
23.940	
23.941	
23.942	
23.943	
23.944	
23.945	
23.946	
23.947	
23.948	
23.949	
23.950	
23.951	
23.952	
23.953	
23.954	
23.955	
23.956	
23.957	
23.959	
23.959	
23.960	
23.961	
23.962	
23.963	
23.964	
23.965	
23.966	
23.967	
23.968	
23.969	
23.970	
23.971	
23.972	
23.973	
23.974	
23.975	
23.976	
23.977	
23.978	
23.979	
23.980	
23.981	
23.982	
23.983	
23.984	
23.985	
23.986	
23.987	
23.988	
23.989	
23.990	
23.991	
23.992	
23.993	
23.994	
23.995	
23.996	
23.997	
23.998	
23.999	
24.000	
24.001	
24.002	
24.003	
24.004	
24.005	
24.006	
24.007	
24.008	
24.009	
24.010	
24.011	
24.012	
24.013	
24.014	
24.015	
24.016	
24.017	
24.018	
24.019	
24.020	
24.021	
24.022	
24.023	
24.024	
24.025	
24.026	
24.027	
24.029	
24.029	
24.030	
24.031	
24.032	
24.033	
24.034	
24.035	
24.036	
24.037	
24.038	
24.039	
24.040	
24.041	
24.042	
24.043	
24.044	
24.045	
24.046	
24.047	
24.048	
24.049	
24.050	
24.051	
24.052	
24.053	
24.054	
24.055	
24.056	
24.057	
24.058	
24.059	
24.060	
24.061	
24.062	
24.063	
24.064	
24.065	
24.066	
24.067	
24.068	
24.069	
24.070	
24.071	
24.072	
24.073	
24.074	
24.075	
24.076	
24.077	
24.078	
24.079	
24.080	
24.081	
24.082	
24.083	
24.084	
24.085	
24.086	
24.087	
24.088	
24.089	
24.090	
24.091	
24.093	
24.093	
24.094	
24.095	
24.096	
24.097	
24.098	
24.099	
24.100	
24.101	
24.102	
24.103	
24.104	
24.105	
24.106	
24.107	
24.108	
24.109	
24.110	
24.111	
24.112	
24.113	
24.114	
24.115	
24.116	
24.117	
24.118	
24.119	
24.120	
24.121	
24.122	
24.123	
24.124	
24.125	
24.126	
24.127	
24.129	
24.129	
24.130	
24.131	
24.132	
24.133	
24.134	
24.135	
24.136	
24.137	
24.138	
24.139	
24.140	
24.141	
24.142	
24.143	
24.144	
24.145	
24.146	
24.147	
24.148	
24.149	
24.150	
24.151	
24.152	
24.153	
24.154	
24.155	
24.156	
24.157	
24.158	
24.159	
24.160	
24.161	
24.162	
24.163	
24.164	
24.165	
24.166	
24.167	
24.168	
24.169	
24.170	
24.172	
24.172	
24.173	
24.174	
24.175	
24.176	
24.177	
24.178	
24.179	
24.180	
24.181	
24.182	
24.183	
24.184	
24.185	
24.187	
24.187	
24.188	
24.189	
24.190	
24.191	
24.192	
24.193	
24.194	
24.195	
24.196	
24.197	
24.198	
24.199	
24.200	
24.201	
24.202	
24.203	
24.204	
24.205	
24.206	
24.207	
24.208	
24.209	
24.210	
24.211	
24.212	
24.213	
24.214	
24.215	
24.216	
24.217	
24.218	
24.219	
24.220	
24.221	
24.222	
24.223	
24.224	
24.225	
24.226	
24.227	
24.228	
24.229	
24.230	
24.231	
24.232	
24.233	
24.234	
24.235	
24.236	
24.237	
24.238	
24.239	
24.240	
24.241	
24.242	
24.243	
24.244	
24.245	
24.246	
24.247	
24.248	
24.249	
24.250	
24.251	
24.252	
24.253	
24.254	
24.255	
24.256	
24.257	
24.258	
24.259	
24.260	
24.261	
24.262	
24.263	
24.264	
24.265	
24.266	
24.267	
24.268	
24.269	
24.270	
24.271	
24.272	
24.273	
24.274	
24.275	
24.276	
24.277	
24.278	
24.279	
24.280	
24.281	
24.282	
24.283	
24.284	
24.285	
24.286	
24.287	
24.288	
24.289	
24.290	
24.291	
24.292	
24.293	
24.294	
24.295	
24.296	
24.297	
24.298	
24.299	
24.300	
24.301	
24.302	
24.303	
24.304	
24.305	
24.306	
24.307	
24.308	
24.309	
24.310	
24.311	
24.312	
24.313	
24.314	
24.315	
24.316	
24.317	
24.318	
24.319	
24.320	
24.321	
24.322	
24.323	
24.324	
24.325	
24.326	
24.327	
24.328	
24.329	
24.330	
24.331	
24.332	
24.333	
24.334	
24.335	
24.336	
24.337	
24.338	
24.339	
24.340	
24.341	
24.342	
24.343	
24.344	
24.345	
24.346	
24.347	
24.348	
24.349	
24.350	
24.351	
24.352	
24.353	
24.354	
24.355	
24.356	
24.357	
24.358	
24.359	
24.360	
24.361	
24.363	
24.363	
24.364	
24.365	
24.366	
24.367	
24.368	
24.369	
24.370	
24.371	
24.372	
24.373	
24.374	
24.375	
24.376	
24.377	
24.378	
24.379	
24.380	
24.381	
24.382	
24.383	
24.384	
24.385	
24.386	
24.387	
24.388	
24.389	
24.391	
24.391	
24.392	
24.393	
24.394	
24.395	
24.396	
24.397	
24.398	
24.399	
24.400	
24.401	
24.402	
24.403	
24.404	
24.405	
24.406	
24.407	
24.408	
24.409	
24.411	
24.411	
24.412	
24.413	
24.414	
24.415	
24.416	
24.417	
24.418	
24.419	
24.420	
24.421	
24.422	
24.423	
24.424	
24.425	
24.426	
24.427	
24.428	
24.429	
24.430	
24.431	
24.432	
24.433	
24.434	
24.435	
24.436	
24.437	
24.438	
24.439	
24.440	
24.441	
24.442	
24.443	
24.444	
24.445	
24.446	
24.447	
24.448	
24.449	
24.450	
24.451	
24.452	
24.453	
24.454	
24.455	
24.456	
24.457	
24.458	
24.459	
24.460	
24.461	
24.462	
24.463	
24.464	
24.465	
24.466	
24.467	
24.468	
24.469	
24.470	
24.471	
24.472	
24.473	
24.474	
24.475	
24.476	
24.477	
24.478	
24.479	
24.480	
24.481	
24.482	
24.483	
24.484	
24.485	
24.486	
24.487	
24.488	
24.489	
24.490	
24.492	
24.492	
24.493	
24.494	
24.495	
24.496	
24.497	
24.498	
24.499	
24.500	
24.501	
24.502	
24.503	
24.504	
24.506	
24.506	
24.507	
24.508	
24.509	
24.510	
24.511	
24.512	
24.513	
24.514	
24.515	
24.516	
24.517	
24.518	
24.519	
24.520	
24.521	
24.522	
24.523	
24.524	
24.525	
24.526	
24.527	
24.528	
24.529	
24.530	
24.531	
24.532	
24.533	
24.534	
24.535	
24.536	
24.537	
24.538	
24.539	
24.540	
24.541	
24.542	
24.543	
24.544	
24.545	
24.546	
24.547	
24.548	
24.549	
24.550	
24.551	
24.552	
24.553	
24.554	
24.555	
24.556	
24.557	
24.558	
24.559	
24.560	
24.561	
24.562	
24.563	
24.564	
24.565	
24.566	
24.567	
24.568	
24.569	
24.570	
24.571	
24.572	
24.573	
24.574	
24.575	
24.576	
24.577	
24.578	
24.579	
24.580	
24.581	
24.582	
24.583	
24.584	
24.585	
24.586	
24.587	
24.588	
24.589	
24.590	
24.591	
24.592	
24.593	
24.594	
24.595	
24.596	
24.597	
24.599	
24.599	
24.600	
24.601	
24.602	
24.603	
24.604	
24.605	
24.606	
24.607	
24.608	
24.609	
24.610	
24.611	
24.612	
24.613	
24.614	
24.615	
24.616	
24.618	
24.618	
24.619	
24.620	
24.621	
24.622	
24.623	
24.624	
24.625	
24.626	
24.627	
24.628	
24.629	
24.630	
24.631	
24.632	
24.634	
24.634	
24.635	
24.636	
24.637	
24.638	
24.639	
24.640	
24.641	
24.642	
24.643	
24.644	
24.645	
24.646	
24.647	
24.648	
24.649	
24.650	
24.651	
24.652	
24.653	
24.654	
24.655	
24.656	
24.657	
24.658	
24.659	
24.660	
24.661	
24.662	
24.663	
24.664	
24.665	
24.666	
24.667	
24.668	
24.669	
24.670	
24.672	
24.672	
24.674	
24.674	
24.675	
24.676	
24.677	
24.678	
24.679	
24.680	
24.681	
24.682	
24.683	
24.684	
24.685	
24.686	
24.687	
24.688	
24.689	
24.690	
24.691	
24.692	
24.693	
24.694	
24.695	
24.696	
24.698	
24.698	
24.699	
24.700	
24.701	
24.702	
24.703	
24.705	
24.705	
24.706	
24.707	
24.708	
24.709	
24.710	
24.711	
24.712	
24.713	
24.714	
24.715	
24.716	
24.717	
24.718	
24.719	
24.720	
24.721	
24.722	
24.723	
24.724	
24.725	
24.726	
24.727	
24.728	
24.729	
24.730	
24.731	
24.732	
24.733	
24.734	
24.735	
24.736	
24.737	
24.738	
24.739	
24.740	
24.741	
24.742	
24.743	
24.744	
24.745	
24.746	
24.748	
24.748	
24.749	
24.750	
24.751	
24.752	
24.754	
24.754	
24.755	
24.756	
24.757	
24.758	
24.759	
24.760	
24.761	
24.762	
24.763	
24.764	
24.765	
24.766	
24.767	
24.768	
24.769	
24.770	
24.771	
24.773	
24.773	
24.774	
24.775	
24.776	
24.777	
24.778	
24.780	
24.780	
24.781	
24.782	
24.783	
24.784	
24.785	
24.787	
24.787	
24.788	
24.789	
24.790	
24.791	
24.792	
24.793	
24.794	
24.795	
24.796	
24.797	
24.798	
24.799	
24.800	
24.801	
24.802	
24.803	
24.805	
24.805	
24.806	
24.807	
24.808	
24.809	
24.810	
24.811	
24.812	
24.813	
24.814	
24.815	
24.816	
24.817	
24.818	
24.819	
24.820	
24.821	
24.822	
24.823	
24.824	
24.825	
24.826	
24.827	
24.828	
24.830	
24.830	
24.831	
24.832	
24.834	
24.834	
24.835	
24.836	
24.837	
24.838	
24.839	
24.840	
24.841	
24.842	
24.843	
24.845	
24.845	
24.846	
24.847	
24.848	
24.849	
24.850	
24.851	
24.852	
24.853	
24.854	
24.855	
24.856	
24.857	
24.858	
24.859	
24.860	
24.861	
24.862	
24.863	
24.864	
24.865	
24.866	
24.867	
24.868	
24.869	
24.870	
24.871	
24.872	
24.873	
24.874	
24.876	
24.876	
24.877	
24.878	
24.879	
24.880	
24.881	
24.882	
24.883	
24.884	
24.885	
24.886	
24.887	
24.888	
24.889	
24.890	
24.892	
24.892	
24.893	
24.894	
24.895	
24.896	
24.897	
24.898	
24.899	
24.900	
24.901	
24.902	
24.903	
24.904	
24.905	
24.906	
24.907	
24.908	
24.909	
24.910	
24.911	
24.912	
24.913	
24.914	
24.915	
24.916	
24.917	
24.918	
24.919	
24.920	
24.921	
24.922	
24.923	
24.924	
24.925	
24.926	
24.927	
24.928	
24.929	
24.930	
24.931	
24.932	
24.933	
24.934	
24.935	
24.936	
24.937	
24.938	
24.939	
24.940	
24.941	
24.942	
24.943	
24.944	
24.945	
24.946	
24.947	
24.948	
24.949	
24.950	
24.951	
24.952	
24.953	
24.954	
24.955	
24.956	
24.957	
24.958	
24.959	
24.960	
24.961	
24.962	
24.963	
24.964	
24.965	
24.966	
24.967	
24.968	
24.969	
24.970	
24.971	
24.972	
24.974	
24.974	
24.975	
24.976	
24.977	
24.978	
24.979	
24.981	
24.981	
24.982	
24.983	
24.984	
24.985	
24.986	
24.987	
24.988	
24.989	
24.990	
24.991	
24.992	
24.993	
24.994	
24.995	
24.996	
24.997	
24.998	
24.999	
25.000	
25.002	
25.002	
25.003	
25.004	
25.006	
25.006	
25.007	
25.008	
25.009	
25.010	
25.011	
25.012	
25.013	
25.014	
25.015	
25.017	
25.017	
25.018	
25.019	
25.020	
25.021	
25.022	
25.023	
25.024	
25.025	
25.026	
25.027	
25.028	
25.029	
25.030	
25.031	
25.032	
25.034	
25.034	
25.035	
25.036	
25.038	
25.039	
25.040	
25.040	
25.041	
25.042	
25.043	
25.044	
25.045	
25.047	
25.047	
25.048	
25.049	
25.050	
25.051	
25.052	
25.053	
25.054	
25.055	
25.056	
25.057	
25.058	
25.060	
25.060	
25.061	
25.062	
25.063	
25.065	
25.066	
25.066	
25.068	
25.068	
25.069	
25.070	
25.071	
25.072	
25.073	
25.074	
25.075	
25.076	
25.077	
25.078	
25.079	
25.081	
25.081	
25.082	
25.083	
25.084	
25.085	
25.087	
25.087	
25.088	
25.089	
25.090	
25.092	
25.093	
25.094	
25.094	
25.096	
25.096	
25.097	
25.098	
25.099	
25.100	
25.101	
25.102	
25.103	
25.105	
25.106	
25.106	
25.107	
25.109	
25.109	
25.110	
25.111	
25.112	
25.113	
25.115	
25.116	
25.116	
25.118	
25.118	
25.119	
25.120	
25.121	
25.122	
25.124	
25.124	
25.125	
25.126	
25.127	
25.128	
25.129	
25.131	
25.131	
25.132	
25.133	
25.134	
25.136	
25.136	
25.137	
25.138	
25.139	
25.140	
25.141	
25.143	
25.143	
25.144	
25.145	
25.146	
25.147	
25.148	
25.149	
25.150	
25.151	
25.152	
25.153	
25.155	
25.155	
25.156	
25.157	
25.158	
25.159	
25.160	
25.161	
25.162	
25.163	
25.165	
25.165	
25.166	
25.167	
25.168	
25.169	
25.170	
25.171	
25.173	
25.173	
25.174	
25.175	
25.176	
25.177	
25.178	
25.179	
25.181	
25.181	
25.182	
25.183	
25.184	
25.185	
25.186	
25.188	
25.188	
25.189	
25.190	
25.191	
25.192	
25.194	
25.194	
25.196	
25.196	
25.197	
25.198	
25.200	
25.201	
25.201	
25.202	
25.203	
25.204	
25.205	
25.207	
25.207	
25.208	
25.209	
25.210	
25.211	
25.212	
25.213	
25.214	
25.215	
25.217	
25.217	
25.218	
25.219	
25.221	
25.221	
25.222	
25.223	
25.224	
25.225	
25.226	
25.228	
25.228	
25.229	
25.230	
25.231	
25.233	
25.234	
25.234	
25.235	
25.236	
25.237	
25.238	
25.239	
25.240	
25.241	
25.243	
25.243	
25.244	
25.245	
25.246	
25.247	
25.248	
25.249	
25.250	
25.252	
25.252	
25.253	
25.255	
25.255	
25.256	
25.257	
25.258	
25.259	
25.261	
25.262	
25.262	
25.263	
25.264	
25.265	
25.266	
25.267	
25.269	
25.269	
25.271	
25.271	
25.273	
25.273	
25.274	
25.275	
25.276	
25.277	
25.278	
25.279	
25.280	
25.282	
25.282	
25.283	
25.285	
25.285	
25.286	
25.287	
25.288	
25.290	
25.290	
25.291	
25.293	
25.293	
25.294	
25.295	
25.296	
25.297	
25.298	
25.300	
25.300	
25.301	
25.302	
25.303	
25.305	
25.306	
25.306	
25.308	
25.308	
25.309	
25.311	
25.312	
25.313	
25.313	
25.314	
25.315	
25.317	
25.317	
25.319	
25.319	
25.320	
25.321	
25.322	
25.324	
25.325	
25.326	
25.326	
25.328	
25.329	
25.330	
25.330	
25.331	
25.333	
25.334	
25.335	
25.336	
25.336	
25.337	
25.339	
25.339	
25.340	
25.341	
25.342	
25.344	
25.345	
25.345	
25.347	
25.348	
25.349	
25.349	
25.351	
25.352	
25.352	
25.354	
25.355	
25.355	
25.356	
25.357	
25.358	
25.359	
25.361	
25.361	
25.362	
25.363	
25.364	
25.365	
25.366	
25.368	
25.369	
25.369	
25.371	
25.372	
25.373	
25.374	
25.375	
25.376	
25.377	
25.377	
25.379	
25.379	
25.381	
25.382	
25.382	
25.384	
25.384	
25.386	
25.387	
25.387	
25.389	
25.390	
25.391	
25.392	
25.393	
25.394	
25.394	
25.396	
25.397	
25.398	
25.399	
25.400	
25.401	
25.402	
25.403	
25.404	
25.405	
25.406	
25.407	
25.408	
25.409	
25.410	
25.411	
25.412	
25.413	
25.414	
25.415	
25.416	
25.417	
25.418	
25.419	
25.420	
25.421	
25.422	
25.423	
25.424	
25.425	
25.426	
25.427	
25.428	
25.429	
25.430	
25.431	
25.432	
25.433	
25.434	
25.435	
25.436	
25.437	
25.438	
25.439	
25.440	
25.441	
25.442	
25.443	
25.444	
25.445	
25.446	
25.447	
25.448	
25.449	
25.450	
25.451	
25.452	
25.453	
25.454	
25.455	
25.456	
25.457	
25.458	
25.459	
25.460	
25.461	
25.462	
25.463	
25.464	
25.465	
25.466	
25.467	
25.468	
25.469	
25.470	
25.471	
25.472	
25.473	
25.474	
25.475	
25.476	
25.477	
25.478	
25.479	
25.480	
25.481	
25.482	
25.483	
25.484	
25.485	
25.486	
25.487	
25.488	
25.489	
25.490	
25.491	
25.492	
25.493	
25.494	
25.495	
25.496	
25.497	
25.498	
25.499	
25.500	
25.501	
25.502	
25.503	
25.504	
25.505	
25.506	
25.507	
25.508	
25.509	
25.510	
25.511	
25.512	
25.513	
25.514	
25.515	
25.516	
25.517	
25.518	
25.519	
25.520	
25.521	
25.522	
25.523	
25.524	
25.525	
25.526	
25.527	
25.528	
25.529	
25.530	
25.531	
25.532	
25.533	
25.534	
25.535	
25.536	
25.537	
25.538	
25.539	
25.540	
25.541	
25.542	
25.543	
25.544	
25.545	
25.546	
25.547	
25.548	
25.549	
25.550	
25.551	
25.552	
25.553	
25.554	
25.555	
25.556	
25.557	
25.558	
25.559	
25.560	
25.561	
25.562	
25.563	
25.564	
25.565	
25.566	
25.567	
25.568	
25.569	
25.570	
25.571	
25.572	
25.573	
25.574	
25.575	
25.576	
25.577	
25.578	
25.579	
25.580	
25.581	
25.582	
25.583	
25.584	
25.585	
25.586	
25.587	
25.588	
25.589	
25.590	
25.591	
25.592	
25.593	
25.594	
25.595	
25.596	
25.597	
25.598	
25.599	
25.600	
25.601	
25.602	
25.603	
25.604	
25.605	
25.606	
25.607	
25.608	
25.609	
25.610	
25.611	
25.612	
25.613	
25.614	
25.615	
25.616	
25.617	
25.618	
25.619	
25.620	
25.621	
25.622	
25.623	
25.624	
25.625	
25.626	
25.627	
25.628	
25.629	
25.630	
25.631	
25.632	
25.633	
25.634	
25.635	
25.636	
25.637	
25.638	
25.639	
25.640	
25.641	
25.642	
25.643	
25.644	
25.645	
25.646	
25.647	
25.648	
25.649	
25.650	
25.651	
25.652	
25.653	
25.654	
25.655	
25.656	
25.657	
25.658	
25.659	
25.660	
25.661	
25.662	
25.663	
25.664	
25.665	
25.666	
25.667	
25.668	
25.669	
25.670	
25.671	
25.672	
25.673	
25.674	
25.675	
25.676	
25.677	
25.678	
25.679	
25.680	
25.681	
25.682	
25.683	
25.684	
25.685	
25.686	
25.687	
25.688	
25.689	
25.690	
25.691	
25.692	
25.693	
25.694	
25.695	
25.696	
25.697	
25.698	
25.699	
25.700	
25.701	
25.702	
25.703	
25.704	
25.705	
25.706	
25.707	
25.708	
25.709	
25.710	
25.711	
25.712	
25.713	
25.714	
25.715	
25.716	
25.717	
25.718	
25.719	
25.720	
25.721	
25.722	
25.723	
25.724	
25.725	
25.726	
25.727	
25.728	
25.729	
25.730	
25.731	
25.732	
25.733	
25.734	
25.735	
25.736	
25.737	
25.738	
25.739	
25.740	
25.741	
25.742	
25.743	
25.744	
25.745	
25.746	
25.747	
25.748	
25.749	
25.750	
25.751	
25.752	
25.753	
25.754	
25.755	
25.756	
25.757	
25.758	
25.759	
25.760	
25.761	
25.762	
25.763	
25.764	
25.765	
25.766	
25.767	
25.768	
25.769	
25.770	
25.771	
25.772	
25.773	
25.774	
25.775	
25.776	
25.777	
25.778	
25.779	
25.780	
25.781	
25.782	
25.783	
25.784	
25.785	
25.786	
25.787	
25.788	
25.789	
25.790	
25.791	
25.792	
25.793	
25.794	
25.795	
25.796	
25.797	
25.798	
25.799	
25.800	
25.801	
25.802	
25.803	
25.804	
25.805	
25.806	
25.807	
25.808	
25.809	
25.810	
25.811	
25.812	
25.813	
25.814	
25.815	
25.816	
25.817	
25.818	
25.819	
25.820	
25.821	
25.822	
25.823	
25.824	
25.825	
25.826	
25.827	
25.828	
25.829	
25.830	
25.831	
25.832	
25.833	
25.834	
25.835	
25.836	
25.837	
25.838	
25.839	
25.840	
25.841	
25.842	
25.843	
25.844	
25.845	
25.846	
25.847	
25.848	
25.849	
25.850	
25.851	
25.852	
25.853	
25.854	
25.855	
25.856	
25.857	
25.858	
25.859	
25.860	
25.861	
25.862	
25.863	
25.864	
25.865	
25.866	
25.867	
25.868	
25.869	
25.870	
25.871	
25.872	
25.873	
25.874	
25.875	
25.876	
25.877	
25.878	
25.879	
25.880	
25.881	
25.882	
25.883	
25.884	
25.885	
25.886	
25.887	
25.888	
25.889	
25.890	
25.891	
25.892	
25.893	
25.894	
25.895	
25.896	
25.897	
25.898	
25.899	
25.900	
25.901	
25.902	
25.903	
25.904	
25.905	
25.906	
25.907	
25.908	
25.909	
25.910	
25.911	
25.912	
25.913	
25.914	
25.915	
25.916	
25.917	
25.918	
25.919	
25.920	
25.921	
25.922	
25.923	
25.924	
25.925	
25.926	
25.927	
25.928	
25.929	
25.930	
25.931	
25.932	
25.933	
25.934	
25.935	
25.936	
25.937	
25.938	
25.939	
25.940	
25.941	
25.942	
25.943	
25.944	
25.945	
25.946	
25.947	
25.948	
25.949	
25.950	
25.951	
25.952	
25.953	
25.954	
25.955	
25.956	
25.957	
25.958	
25.959	
25.960	
25.961	
25.962	
25.963	
25.964	
25.965	
25.966	
25.967	
25.968	
25.969	
25.970	
25.971	
25.972	
25.973	
25.974	
25.975	
25.976	
25.977	
25.978	
25.979	
25.980	
25.981	
25.982	
25.983	
25.984	
25.985	
25.986	
25.987	
25.988	
25.989	
25.990	
25.991	
25.992	
25.993	
25.994	
25.995	
25.996	
25.997	
25.998	
25.999	
26.000	
26.001	
26.002	
26.003	
26.004	
26.005	
26.006	
26.007	
26.008	
26.009	
26.010	
26.011	
26.012	
26.013	
26.014	
26.015	
26.016	
26.017	
26.018	
26.019	
26.020	
26.021	
26.022	
26.023	
26.024	
26.025	
26.026	
26.027	
26.028	
26.029	
26.030	
26.031	
26.032	
26.033	
26.034	
26.035	
26.036	
26.037	
26.038	
26.039	
26.040	
26.041	
26.042	
26.043	
26.044	
26.045	
26.046	
26.047	
26.048	
26.049	
26.050	
26.051	
26.052	
26.053	
26.054	
26.055	
26.056	
26.057	
26.058	
26.059	
26.060	
26.061	
26.062	
26.063	
26.064	
26.065	
26.066	
26.067	
26.068	
26.069	
26.070	
26.071	
26.072	
26.073	
26.074	
26.075	
26.076	
26.077	
26.078	
26.079	
26.080	
26.081	
26.082	
26.083	
26.084	
26.085	
26.086	
26.087	
26.088	
26.089	
26.090	
26.091	
26.092	
26.093	
26.094	
26.095	
26.096	
26.097	
26.098	
26.099	
26.100	
26.101	
26.102	
26.103	
26.104	
26.105	
26.106	
26.107	
26.108	
26.109	
26.110	
26.111	
26.112	
26.113	
26.114	
26.115	
26.116	
26.117	
26.118	
26.119	
26.120	
26.121	
26.122	
26.123	
26.124	
26.125	
26.126	
26.127	
26.128	
26.129	
26.130	
26.131	
26.132	
26.133	
26.134	
26.135	
26.136	
26.137	
26.138	
26.139	
26.140	
26.141	
26.142	
26.143	
26.144	
26.145	
26.146	
26.147	
26.148	
26.149	
26.150	
26.151	
26.152	
26.153	
26.154	
26.155	
26.156	
26.157	
26.158	
26.159	
26.160	
26.161	
26.162	
26.163	
26.164	
26.165	
26.166	
26.167	
26.168	
26.169	
26.170	
26.171	
26.172	
26.173	
26.174	
26.175	
26.176	
26.177	
26.178	
26.179	
26.180	
26.181	
26.182	
26.183	
26.184	
26.185	
26.186	
26.187	
26.188	
26.189	
26.190	
26.191	
26.192	
26.193	
26.194	
26.195	
26.196	
26.197	
26.198	
26.199	
26.200	
26.201	
26.202	
26.203	
26.204	
26.205	
26.206	
26.207	
26.208	
26.209	
26.210	
26.211	
26.212	
26.213	
26.214	
26.215	
26.216	
26.217	
26.218	
26.219	
26.220	
26.221	
26.222	
26.223	
26.224	
26.225	
26.226	
26.227	
26.228	
26.229	
26.230	
26.231	
26.232	
26.233	
26.234	
26.235	
26.236	
26.237	
26.238	
26.239	
26.240	
26.241	
26.242	
26.243	
26.244	
26.245	
26.246	
26.247	
26.248	
26.249	
26.250	
26.251	
26.252	
26.253	
26.254	
26.255	
26.256	
26.257	
26.258	
26.259	
26.260	
26.261	
26.262	
26.263	
26.264	
26.265	
26.266	
26.267	
26.268	
26.269	
26.270	
26.271	
26.272	
26.273	
26.274	
26.275	
26.276	
26.277	
26.278	
26.279	
26.280	
26.281	
26.282	
26.283	
26.284	
26.285	
26.286	
26.287	
26.288	
26.289	
26.290	
26.291	
26.292	
26.293	
26.294	
26.295	
26.296	
26.297	
26.298	
26.299	
26.300	
26.301	
26.302	
26.303	
26.304	
26.305	
26.306	
26.307	
26.308	
26.309	
26.310	
26.311	
26.312	
26.313	
26.314	
26.315	
26.316	
26.317	
26.318	
26.319	
26.320	
26.321	
26.322	
26.323	
26.324	
26.325	
26.326	
26.327	
26.328	
26.329	
26.330	
26.331	
26.332	
26.333	
26.334	
26.335	
26.336	
26.337	
26.338	
26.339	
26.340	
26.341	
26.342	
26.343	
26.344	
26.345	
26.346	
26.347	
26.348	
26.349	
26.350	
26.351	
26.352	
26.353	
26.354	
26.355	
26.356	
26.357	
26.358	
26.359	
26.360	
26.361	
26.362	
26.363	
26.364	
26.365	
26.366	
26.367	
26.368	
26.369	
26.370	
26.371	
26.372	
26.373	
26.374	
26.375	
26.376	
26.377	
26.378	
26.379	
26.380	
26.381	
26.382	
26.383	
26.384	
26.385	
26.386	
26.387	
26.388	
26.389	
26.390	
26.391	
26.392	
26.393	
26.394	
26.395	
26.396	
26.397	
26.398	
26.399	
26.400	
26.401	
26.402	
26.403	
26.404	
26.405	
26.406	
26.407	
26.408	
26.409	
26.410	
26.411	
26.412	
26.413	
26.414	
26.415	
26.416	
26.417	
26.418	
26.419	
26.420	
26.421	
26.422	
26.423	
26.424	
26.425	
26.426	
26.427	
26.428	
26.429	
26.430	
26.431	
26.432	
26.433	
26.434	
26.435	
26.436	
26.437	
26.438	
26.439	
26.440	
26.441	
26.442	
26.443	
26.444	
26.445	
26.446	
26.447	
26.448	
26.449	
26.450	
26.451	
26.452	
26.453	
26.454	
26.455	
26.456	
26.457	
26.458	
26.459	
26.460	
26.461	
26.462	
26.463	
26.464	
26.465	
26.466	
26.467	
26.468	
26.469	
26.470	
26.471	
26.472	
26.473	
26.474	
26.475	
26.476	
26.477	
26.478	
26.479	
26.480	
26.481	
26.482	
26.483	
26.484	
26.485	
26.486	
26.487	
26.488	
26.489	
26.490	
26.491	
26.492	
26.493	
26.494	
26.495	
26.496	
26.497	
26.498	
26.499	
26.500	
26.501	
26.502	
26.503	
26.504	
26.505	
26.506	
26.507	
26.508	
26.509	
26.510	
26.511	
26.512	
26.513	
26.514	
26.515	
26.516	
26.517	
26.518	
26.519	
26.520	
26.521	
26.522	
26.523	
26.524	
26.525	
26.526	
26.527	
26.528	
26.529	
26.530	
26.531	
26.532	
26.533	
26.534	
26.535	
26.536	
26.537	
26.538	
26.539	
26.540	
26.541	
26.542	
26.543	
26.544	
26.545	
26.546	
26.547	
26.548	
26.549	
26.550	
26.551	
26.552	
26.553	
26.554	
26.555	
26.556	
26.557	
26.558	
26.559	
26.560	
26.561	
26.562	
26.563	
26.564	
26.565	
26.566	
26.567	
26.568	
26.569	
26.570	
26.571	
26.572	
26.573	
26.574	
26.575	
26.576	
26.577	
26.578	
26.579	
26.580	
26.581	
26.582	
26.583	
26.584	
26.585	
26.586	
26.587	
26.588	
26.589	
26.590	
26.591	
26.592	
26.593	
26.594	
26.595	
26.596	
26.597	
26.598	
26.599	
26.600	
26.601	
26.602	
26.603	
26.604	
26.605	
26.606	
26.607	
26.608	
26.609	
26.610	
26.611	
26.612	
26.613	
26.614	
26.615	
26.616	
26.617	
26.618	
26.619	
26.620	
26.621	
26.622	
26.623	
26.624	
26.625	
26.626	
26.627	
26.628	
26.629	
26.630	
26.631	
26.632	
26.633	
26.634	
26.635	
26.636	
26.637	
26.638	
26.639	
26.640	
26.641	
26.642	
26.643	
26.644	
26.645	
26.646	
26.647	
26.648	
26.649	
26.650	
26.651	
26.652	
26.653	
26.654	
26.655	
26.656	
26.657	
26.658	
26.659	
26.660	
26.661	
26.662	
26.663	
26.664	
26.665	
26.666	
26.667	
26.668	
26.669	
26.670	
26.671	
26.672	
26.673	
26.674	
26.675	
26.676	
26.677	
26.678	
26.679	
26.680	
26.681	
26.682	
26.683	
26.684	
26.685	
26.686	
26.687	
26.688	
26.689	
26.690	
26.691	
26.692	
26.693	
26.694	
26.695	
26.696	
26.697	
26.698	
26.699	
26.700	
26.701	
26.702	
26.703	
26.704	
26.705	
26.706	
26.707	
26.708	
26.709	
26.710	
26.711	
26.712	
26.713	
26.714	
26.715	
26.716	
26.717	
26.718	
26.719	
26.720	
26.721	
26.722	
26.723	
26.724	
26.725	
26.726	
26.727	
26.728	
26.729	
26.730	
26.731	
26.732	
26.733	
26.734	
26.735	
26.736	
26.737	
26.738	
26.739	
26.740	
26.741	
26.742	
26.743	
26.744	
26.745	
26.746	
26.747	
26.748	
26.749	
26.750	
26.751	
26.752	
26.753	
26.754	
26.755	
26.756	
26.757	
26.758	
26.759	
26.760	
26.761	
26.762	
26.763	
26.764	
26.765	
26.766	
26.767	
26.768	
26.769	
26.770	
26.771	
26.772	
26.773	
26.774	
26.775	
26.776	
26.777	
26.778	
26.779	
26.780	
26.781	
26.782	
26.783	
26.784	
26.785	
26.786	
26.787	
26.788	
26.789	
26.790	
26.791	
26.792	
26.793	
26.794	
26.795	
26.796	
26.797	
26.798	
26.799	
26.800	
26.801	
26.802	
26.803	
26.804	
26.805	
26.806	
26.807	
26.808	
26.809	
26.810	
26.811	
26.812	
26.813	
26.814	
26.815	
26.816	
26.817	
26.818	
26.819	
26.820	
26.821	
26.822	
26.823	
26.824	
26.825	
26.826	
26.827	
26.828	
26.829	
26.830	
26.831	
26.832	
26.833	
26.834	
26.835	
26.836	
26.837	
26.838	
26.839	
26.840	
26.841	
26.842	
26.843	
26.844	
26.845	
26.846	
26.847	
26.848	
26.849	
26.850	
26.851	
26.852	
26.853	
26.854	
26.855	
26.856	
26.857	
26.858	
26.859	
26.860	
26.861	
26.862	
26.863	
26.864	
26.865	
26.866	
26.867	
26.868	
26.869	
26.870	
26.871	
26.872	
26.873	
26.874	
26.875	
26.876	
26.877	
26.878	
26.879	
26.880	
26.881	
26.882	
26.883	
26.884	
26.885	
26.886	
26.887	
26.888	
26.889	
26.890	
26.891	
26.892	
26.893	
26.894	
26.895	
26.896	
26.897	
26.898	
26.899	
26.900	
26.901	
26.902	
26.903	
26.904	
26.905	
26.906	
26.907	
26.908	
26.909	
26.910	
26.911	
26.912	
26.913	
26.914	
26.915	
26.916	
26.917	
26.918	
26.919	
26.920	
26.921	
26.922	
26.923	
26.924	
26.925	
26.926	
26.927	
26.928	
26.929	
26.930	
26.931	
26.932	
26.933	
26.934	
26.935	
26.936	
26.937	
26.938	
26.939	
26.940	
26.941	
26.942	
26.943	
26.944	
26.945	
26.946	
26.947	
26.948	
26.949	
26.950	
26.951	
26.952	
26.953	
26.954	
26.955	
26.956	
26.957	
26.958	
26.959	
26.960	
26.961	
26.962	
26.963	
26.964	
26.965	
26.966	
26.967	
26.968	
26.969	
26.970	
26.971	
26.972	
26.973	
26.974	
26.975	
26.976	
26.977	
26.978	
26.979	
26.980	
26.981	
26.982	
26.983	
26.984	
26.985	
26.986	
26.987	
26.988	
26.989	
26.990	
26.991	
26.992	
26.993	
26.994	
26.995	
26.996	
26.997	
26.998	
26.999	
27.000	
27.001	
27.002	
27.003	
27.004	
27.005	
27.006	
27.007	
27.008	
27.009	
27.010	
27.011	
27.012	
27.013	
27.014	
27.015	
27.016	
27.017	
27.018	
27.019	
27.020	
27.021	
27.022	
27.023	
27.024	
27.025	
27.026	
27.027	
27.028	
27.029	
27.030	
27.031	
27.032	
27.033	
27.034	
27.035	
27.036	
27.037	
27.038	
27.039	
27.040	
27.041	
27.042	
27.043	
27.044	
27.045	
27.046	
27.047	
27.048	
27.049	
27.050	
27.051	
27.052	
27.053	
27.054	
27.055	
27.056	
27.057	
27.058	
27.059	
27.060	
27.061	
27.062	
27.063	
27.064	
27.065	
27.066	
27.067	
27.068	
27.069	
27.070	
27.071	
27.072	
27.073	
27.074	
27.075	
27.076	
27.077	
27.078	
27.079	
27.080	
27.081	
27.082	
27.083	
27.084	
27.085	
27.086	
27.087	
27.088	
27.089	
27.090	
27.091	
27.092	
27.093	
27.094	
27.095	
27.096	
27.097	
27.098	
27.099	
27.100	
27.101	
27.102	
27.103	
27.104	
27.105	
27.106	
27.107	
27.108	
27.109	
27.110	
27.111	
27.112	
27.113	
27.114	
27.115	
27.116	
27.117	
27.118	
27.119	
27.120	
27.121	
27.122	
27.123	
27.124	
27.125	
27.126	
27.127	
27.128	
27.129	
27.130	
27.131	
27.132	
27.133	
27.134	
27.135	
27.136	
27.137	
27.138	
27.139	
27.140	
27.141	
27.142	
27.143	
27.144	
27.145	
27.146	
27.147	
27.148	
27.149	
27.150	
27.151	
27.152	
27.153	
27.154	
27.155	
27.156	
27.157	
27.158	
27.159	
27.160	
27.161	
27.162	
27.163	
27.164	
27.165	
27.166	
27.167	
27.168	
27.169	
27.170	
27.171	
27.172	
27.173	
27.174	
27.175	
27.176	
27.177	
27.178	
27.179	
27.180	
27.181	
27.182	
27.183	
27.184	
27.185	
27.186	
27.187	
27.188	
27.189	
27.190	
27.191	
27.192	
27.193	
27.194	
27.195	
27.196	
27.197	
27.198	
27.199	
27.200	
27.201	
27.202	
27.203	
27.204	
27.205	
27.206	
27.207	
27.208	
27.209	
27.210	
27.211	
27.212	
27.213	
27.214	
27.215	
27.216	
27.217	
27.218	
27.219	
27.220	
27.221	
27.222	
27.223	
27.224	
27.225	
27.226	
27.227	
27.228	
27.229	
27.230	
27.231	
27.232	
27.233	
27.234	
27.235	
27.236	
27.237	
27.238	
27.239	
27.240	
27.241	
27.242	
27.243	
27.244	
27.245	
27.246	
27.247	
27.248	
27.249	
27.250	
27.251	
27.252	
27.253	
27.254	
27.255	
27.256	
27.257	
27.258	
27.259	
27.260	
27.261	
27.262	
27.263	
27.264	
27.265	
27.266	
27.267	
27.268	
27.269	
27.270	
27.271	
27.272	
27.273	
27.274	
27.275	
27.276	
27.277	
27.278	
27.279	
27.280	
27.281	
27.282	
27.283	
27.284	
27.285	
27.286	
27.287	
27.288	
27.289	
27.290	
27.291	
27.292	
27.293	
27.294	
27.295	
27.296	
27.297	
27.298	
27.299	
27.300	
27.301	
27.302	
27.303	
27.304	
27.305	
27.306	
27.307	
27.308	
27.309	
27.310	
27.311	
27.312	
27.313	
27.314	
27.315	
27.316	
27.317	
27.318	
27.319	
27.320	
27.321	
27.322	
27.323	
27.324	
27.325	
27.326	
27.327	
27.328	
27.329	
27.330	
27.331	
27.332	
27.333	
27.334	
27.335	
27.336	
27.337	
27.338	
27.339	
27.340	
27.341	
27.342	
27.343	
27.344	
27.345	
27.346	
27.347	
27.348	
27.349	
27.350	
27.351	
27.352	
27.353	
27.354	
27.355	
27.356	
27.357	
27.358	
27.359	
27.360	
27.361	
27.362	
27.363	
27.364	
27.365	
27.366	
27.367	
27.368	
27.369	
27.370	
27.371	
27.372	
27.373	
27.374	
27.375	
27.376	
27.377	
27.378	
27.379	
27.380	
27.381	
27.382	
27.383	
27.384	
27.385	
27.386	
27.387	
27.388	
27.389	
27.390	
27.391	
27.392	
27.393	
27.394	
27.395	
27.396	
27.397	
27.398	
27.399	
27.400	
27.401	
27.402	
27.403	
27.404	
27.405	
27.406	
27.407	
27.408	
27.409	
27.410	
27.411	
27.412	
27.413	
27.414	
27.415	
27.416	
27.417	
27.418	
27.419	
27.420	
27.421	
27.422	
27.423	
27.424	
27.425	
27.426	
27.427	
27.428	
27.429	
27.430	
27.431	
27.432	
27.433	
27.434	
27.435	
27.436	
27.437	
27.438	
27.439	
27.440	
27.441	
27.442	
27.443	
27.444	
27.445	
27.446	
27.447	
27.448	
27.449	
27.450	
27.451	
27.452	
27.453	
27.454	
27.455	
27.456	
27.457	
27.458	
27.459	
27.460	
27.461	
27.462	
27.463	
27.464	
27.465	
27.466	
27.467	
27.468	
27.469	
27.470	
27.471	
27.472	
27.473	
27.474	
27.475	
27.476	
27.477	
27.478	
27.479	
27.480	
27.481	
27.482	
27.483	
27.484	
27.485	
27.486	
27.487	
27.488	
27.489	
27.490	
27.491	
27.492	
27.493	
27.494	
27.495	
27.496	
27.497	
27.498	
27.499	
27.500	
27.501	
27.502	
27.503	
27.504	
27.505	
27.506	
27.507	
27.508	
27.509	
27.510	
27.511	
27.512	
27.513	
27.514	
27.515	
27.516	
27.517	
27.518	
27.519	
27.520	
27.521	
27.522	
27.523	
27.524	
27.525	
27.526	
27.527	
27.528	
27.529	
27.530	
27.531	
27.532	
27.533	
27.534	
27.535	
27.536	
27.537	
27.538	
27.539	
27.540	
27.541	
27.542	
27.543	
27.544	
27.545	
27.546	
27.547	
27.548	
27.549	
27.550	
27.551	
27.552	
27.553	
27.554	
27.555	
27.556	
27.557	
27.558	
27.559	
27.560	
27.561	
27.562	
27.563	
27.564	
27.565	
27.566	
27.567	
27.568	
27.569	
27.570	
27.571	
27.572	
27.573	
27.574	
27.575	
27.576	
27.577	
27.578	
27.579	
27.580	
27.581	
27.582	
27.583	
27.584	
27.585	
27.586	
27.587	
27.588	
27.589	
27.590	
27.591	
27.592	
27.593	
27.594	
27.595	
27.596	
27.597	
27.598	
27.599	
27.600	
27.601	
27.602	
27.603	
27.604	
27.605	
27.606	
27.607	
27.608	
27.609	
27.610	
27.611	
27.612	
27.613	
27.614	
27.615	
27.616	
27.617	
27.618	
27.619	
27.620	
27.621	
27.622	
27.623	
27.624	
27.625	
27.626	
27.627	
27.628	
27.629	
27.630	
27.631	
27.632	
27.633	
27.634	
27.635	
27.636	
27.637	
27.638	
27.639	
27.640	
27.641	
27.642	
27.643	
27.644	
27.645	
27.646	
27.647	
27.648	
27.649	
27.650	
27.651	
27.652	
27.653	
27.654	
27.655	
27.656	
27.657	
27.658	
27.659	
27.660	
27.661	
27.662	
27.663	
27.664	
27.665	
27.666	
27.667	
27.668	
27.669	
27.670	
27.671	
27.672	
27.673	
27.674	
27.675	
27.676	
27.677	
27.678	
27.679	
27.680	
27.681	
27.682	
27.683	
27.684	
27.685	
27.686	
27.687	
27.688	
27.689	
27.690	
27.691	
27.692	
27.693	
27.694	
27.695	
27.696	
27.697	
27.698	
27.699	
27.700	
27.701	
27.702	
27.703	
27.704	
27.705	
27.706	
27.707	
27.708	
27.709	
27.710	
27.711	
27.712	
27.713	
27.714	
27.715	
27.716	
27.717	
27.718	
27.719	
27.720	
27.721	
27.722	
27.723	
27.724	
27.725	
27.726	
27.727	
27.728	
27.729	
27.730	
27.731	
27.732	
27.733	
27.734	
27.735	
27.736	
27.737	
27.738	
27.739	
27.740	
27.741	
27.742	
27.743	
27.744	
27.745	
27.746	
27.747	
27.748	
27.749	
27.750	
27.751	
27.752	
27.753	
27.754	
27.755	
27.756	
27.757	
27.758	
27.759	
27.760	
27.761	
27.762	
27.763	
27.764	
27.765	
27.766	
27.767	
27.768	
27.769	
27.770	
27.771	
27.772	
27.773	
27.774	
27.775	
27.776	
27.777	
27.778	
27.779	
27.780	
27.781	
27.782	
27.783	
27.784	
27.785	
27.786	
