0.010000	-1.141263	4.646466	-5.363079	0.051357	-0.209091	0.138939	0.008495	0.032550	-0.037835	0.000000	0.000000	0.000000	
0.020000	-1.176854	5.435804	-1.173630	0.052958	-0.244611	0.107158	0.008495	0.038891	-0.007609	0.000000	0.000000	0.000000	
0.030000	-1.208734	6.107234	2.578855	0.054393	-0.274826	0.093392	0.008495	0.043541	0.019446	0.000000	0.000000	0.000000	
0.040000	-1.223610	6.595381	4.329883	0.055062	-0.296792	0.163333	0.008495	0.046712	0.032128	0.000000	0.000000	0.000000	
0.050000	-1.245911	6.936640	3.899485	0.056066	-0.312149	0.320567	0.008676	0.049248	0.029169	0.000000	0.000000	0.000000	
0.060000	-1.217580	6.603909	3.620168	0.054791	-0.297176	0.455945	0.008495	0.046923	0.027055	0.000000	0.000000	0.000000	
0.070000	-1.193516	6.285186	3.841852	0.053708	-0.282833	0.549994	0.008315	0.044598	0.028534	0.000000	0.000000	0.000000	
0.080000	-1.246921	6.349350	4.015851	0.056111	-0.285721	0.624246	0.008676	0.045021	0.029803	0.000000	0.000000	0.000000	
0.090000	-1.248887	6.563067	4.242499	0.056200	-0.295338	0.671696	0.008676	0.046501	0.031494	0.000000	0.000000	0.000000	
0.100000	-1.224541	6.776193	4.439543	0.055104	-0.304929	0.694294	0.008495	0.047980	0.032973	0.000000	0.000000	0.000000	
0.110000	-1.251094	6.807646	4.496921	0.056299	-0.306344	0.696039	0.008676	0.048192	0.033396	0.000000	0.000000	0.000000	
0.120000	-1.250595	6.776193	4.439319	0.056277	-0.304929	0.675688	0.008676	0.047980	0.032973	0.000000	0.000000	0.000000	
0.130000	-1.250351	6.745729	4.411221	0.056266	-0.303558	0.627436	0.008676	0.047769	0.032762	0.000000	0.000000	0.000000	
0.140000	-1.224303	6.745729	4.411445	0.055094	-0.303558	0.552840	0.008495	0.047769	0.032762	0.000000	0.000000	0.000000	
0.150000	-1.223813	6.714313	4.353829	0.055072	-0.302144	0.458039	0.008495	0.047557	0.032339	0.000000	0.000000	0.000000	
0.160000	-1.222846	6.622059	4.239965	0.055028	-0.297993	0.345919	0.008495	0.046923	0.031494	0.000000	0.000000	0.000000	
0.170000	-1.221400	6.469112	4.069736	0.054963	-0.291110	0.220045	0.008495	0.045867	0.030225	0.000000	0.000000	0.000000	
0.180000	-1.219200	6.313846	3.810799	0.054864	-0.284123	0.100928	0.008495	0.044810	0.028323	0.000000	0.000000	0.000000	
0.190000	-1.215276	6.065270	3.348920	0.054687	-0.272937	-0.031299	0.008495	0.043119	0.024941	0.000000	0.000000	0.000000	
0.200000	-1.208349	5.781582	2.533572	0.054376	-0.260171	-0.166925	0.008495	0.041216	0.019023	0.000000	0.000000	0.000000	
0.210000	-1.197424	5.438364	1.247537	0.053884	-0.244726	-0.264185	0.008495	0.038891	0.009723	0.000000	0.000000	0.000000	
0.220000	-1.181994	5.048967	-0.568705	0.053190	-0.227204	-0.316804	0.008495	0.036144	-0.003382	0.000000	0.000000	0.000000	
0.230000	-1.157083	4.499941	-3.500952	0.052069	-0.202497	-0.324116	0.008495	0.031916	-0.024518	0.000000	0.000000	0.000000	
0.240000	-1.100507	3.910414	-7.344188	0.049523	-0.175969	-0.275813	0.008315	0.026632	-0.052207	0.000000	0.000000	0.000000	
0.250000	-1.087064	3.355550	-11.742794	0.048918	-0.151000	-0.184115	0.008495	0.020503	-0.083912	0.000000	0.000000	0.000000	
0.260000	-1.048507	2.957608	-16.281317	0.047183	-0.133092	-0.064492	0.008495	0.014373	-0.116674	0.000000	0.000000	0.000000	
0.270000	-1.012286	2.669187	-20.544819	0.045553	-0.120113	0.066952	0.008495	0.008243	-0.147534	0.000000	0.000000	0.000000	
0.280000	-0.982607	2.466734	-24.038345	0.044217	-0.111003	0.189777	0.008495	0.002748	-0.172898	0.000000	0.000000	0.000000	
0.290000	-0.964595	2.204321	-26.158447	0.043407	-0.099194	0.277871	0.008495	-0.001902	-0.188327	0.000000	0.000000	0.000000	
0.300000	-0.961626	1.828184	-26.507963	0.043273	-0.082268	0.313586	0.008495	-0.005073	-0.190864	0.000000	0.000000	0.000000	
0.310000	-0.969759	1.646668	-25.550636	0.043639	-0.074100	0.317181	0.008495	-0.005073	-0.183889	0.000000	0.000000	0.000000	
0.320000	-0.985822	1.722074	-23.659914	0.044362	-0.077493	0.304046	0.008495	-0.002114	-0.170150	0.000000	0.000000	0.000000	
0.330000	-1.008599	2.026334	-20.978762	0.045387	-0.091185	0.278431	0.008495	0.003170	-0.150704	0.000000	0.000000	0.000000	
0.340000	-1.036373	2.483910	-17.709572	0.046637	-0.111776	0.246558	0.008495	0.009723	-0.127031	0.000000	0.000000	0.000000	
0.350000	-1.067157	3.101067	-14.085956	0.048022	-0.139548	0.215441	0.008495	0.017121	-0.100822	0.000000	0.000000	0.000000	
0.360000	-1.100448	3.850903	-10.167316	0.049520	-0.173291	0.183749	0.008495	0.024941	-0.072499	0.000000	0.000000	0.000000	
0.370000	-1.135506	4.644292	-6.040687	0.051098	-0.208993	0.151008	0.008495	0.032339	-0.042696	0.000000	0.000000	0.000000	
0.380000	-1.171587	5.441899	-1.793663	0.052721	-0.244885	0.116517	0.008495	0.038891	-0.012048	0.000000	0.000000	0.000000	
0.390000	-1.180060	6.130292	2.223519	0.053103	-0.275863	0.091282	0.008315	0.043753	0.016909	0.000000	0.000000	0.000000	
0.400000	-1.202985	6.588261	4.980682	0.054134	-0.296472	0.116939	0.008315	0.046501	0.036778	0.000000	0.000000	0.000000	
0.410000	-1.256409	6.977190	5.109399	0.056538	-0.313974	0.250524	0.008676	0.049248	0.037835	0.000000	0.000000	0.000000	
0.420000	-1.251094	6.807646	4.496921	0.056299	-0.306344	0.402880	0.008676	0.048192	0.033396	0.000000	0.000000	0.000000	
0.430000	-1.199863	6.397693	4.605196	0.053994	-0.287896	0.504430	0.008315	0.045232	0.034030	0.000000	0.000000	0.000000	
0.440000	-1.253345	6.314300	4.756276	0.056401	-0.284144	0.582452	0.008676	0.044598	0.035087	0.000000	0.000000	0.000000	
0.450000	-1.281214	6.498690	4.954591	0.057655	-0.292441	0.634173	0.008857	0.045867	0.036566	0.000000	0.000000	0.000000	
0.460000	-1.257032	6.713995	5.181240	0.056566	-0.302130	0.658601	0.008676	0.047346	0.038257	0.000000	0.000000	0.000000	
0.470000	-1.258250	6.867191	5.321697	0.056621	-0.309024	0.659839	0.008676	0.048403	0.039314	0.000000	0.000000	0.000000	
0.480000	-1.284463	6.867191	5.321467	0.057801	-0.309024	0.640111	0.008857	0.048403	0.039314	0.000000	0.000000	0.000000	
0.490000	-1.258007	6.836540	5.293619	0.056610	-0.307644	0.594928	0.008676	0.048192	0.039103	0.000000	0.000000	0.000000	
0.500000	-1.257763	6.805895	5.265533	0.056599	-0.306265	0.524466	0.008676	0.047980	0.038891	0.000000	0.000000	0.000000	
0.510000	-1.257507	6.804750	5.236029	0.056588	-0.306214	0.430956	0.008676	0.047980	0.038680	0.000000	0.000000	0.000000	
0.520000	-1.257020	6.743490	5.179839	0.056566	-0.303457	0.318414	0.008676	0.047557	0.038257	0.000000	0.000000	0.000000	
0.530000	-1.229376	6.618846	5.008593	0.055322	-0.297848	0.194309	0.008495	0.046712	0.036989	0.000000	0.000000	0.000000	
0.540000	-1.252798	6.400735	4.693281	0.056376	-0.288033	0.063947	0.008676	0.045232	0.034664	0.000000	0.000000	0.000000	
0.550000	-1.248269	6.176835	4.171278	0.056172	-0.277958	-0.065465	0.008676	0.043753	0.030859	0.000000	0.000000	0.000000	
0.560000	-1.215591	5.889002	3.385962	0.054702	-0.265005	-0.171045	0.008495	0.041851	0.025153	0.000000	0.000000	0.000000	
0.570000	-1.202170	5.503955	1.806199	0.054098	-0.247678	-0.271218	0.008495	0.039314	0.013739	0.000000	0.000000	0.000000	
0.580000	-1.182755	5.019187	-0.479062	0.053224	-0.225863	-0.318185	0.008495	0.035932	-0.002748	0.000000	0.000000	0.000000	
0.590000	-1.158337	4.496400	-3.353361	0.052125	-0.202338	-0.314972	0.008495	0.031916	-0.023462	0.000000	0.000000	0.000000	
0.600000	-1.124193	3.852923	-7.372316	0.050589	-0.173382	-0.260697	0.008495	0.026209	-0.052419	0.000000	0.000000	0.000000	
0.610000	-1.086074	3.306455	-11.859283	0.048873	-0.148790	-0.167379	0.008495	0.020080	-0.084758	0.000000	0.000000	0.000000	
0.620000	-1.047275	2.856772	-16.426291	0.047127	-0.128555	-0.049180	0.008495	0.013527	-0.117731	0.000000	0.000000	0.000000	
0.630000	-1.011055	2.543332	-20.689699	0.045497	-0.114450	0.079287	0.008495	0.007186	-0.148591	0.000000	0.000000	0.000000	
0.640000	-0.982362	2.324178	-24.067104	0.044206	-0.104588	0.193738	0.008495	0.001691	-0.173109	0.000000	0.000000	0.000000	
0.650000	-0.965578	2.034619	-26.042778	0.043451	-0.091558	0.272104	0.008495	-0.002959	-0.187482	0.000000	0.000000	0.000000	
0.660000	-0.963097	1.647047	-26.334826	0.043339	-0.074117	0.302020	0.008495	-0.006130	-0.189596	0.000000	0.000000	0.000000	
0.670000	-0.971235	1.525800	-25.376919	0.043706	-0.068661	0.302492	0.008495	-0.005707	-0.182621	0.000000	0.000000	0.000000	
0.680000	-0.986563	1.677574	-23.572674	0.044395	-0.075491	0.290359	0.008495	-0.002325	-0.169516	0.000000	0.000000	0.000000	
0.690000	-1.008104	2.005684	-21.037054	0.045365	-0.090256	0.268700	0.008495	0.002959	-0.151127	0.000000	0.000000	0.000000	
0.700000	-1.033885	2.521628	-18.002420	0.046525	-0.113473	0.245164	0.008495	0.009723	-0.129145	0.000000	0.000000	0.000000	
0.710000	-1.062911	3.182012	-14.585779	0.047831	-0.143191	0.221585	0.008495	0.017332	-0.104415	0.000000	0.000000	0.000000	
0.720000	-1.094432	3.963065	-10.875450	0.049249	-0.178338	0.197988	0.008495	0.025364	-0.077571	0.000000	0.000000	0.000000	
0.730000	-1.128223	4.742488	-6.897988	0.050770	-0.213412	0.171215	0.008495	0.032762	-0.048826	0.000000	0.000000	0.000000	
0.740000	-1.163551	5.485983	-2.739558	0.052360	-0.246869	0.140524	0.008495	0.039103	-0.018812	0.000000	0.000000	0.000000	
0.750000	-1.198189	6.118123	1.337584	0.053918	-0.275316	0.112967	0.008495	0.043753	0.010568	0.000000	0.000000	0.000000	
0.760000	-1.221114	6.556712	4.036133	0.054950	-0.295052	0.142191	0.008495	0.046501	0.030014	0.000000	0.000000	0.000000	
0.770000	-1.245873	7.025115	3.895096	0.056064	-0.316130	0.289367	0.008676	0.049882	0.029169	0.000000	0.000000	0.000000	
0.780000	-1.214463	6.860219	3.253247	0.054651	-0.308710	0.444976	0.008495	0.048826	0.024518	0.000000	0.000000	0.000000	
0.790000	-1.190259	6.451748	3.450134	0.053562	-0.290329	0.544891	0.008315	0.045867	0.025787	0.000000	0.000000	0.000000	
0.800000	-1.243580	6.367937	3.630826	0.055961	-0.286557	0.624283	0.008676	0.045232	0.027055	0.000000	0.000000	0.000000	
0.810000	-1.271233	6.580158	3.827708	0.057205	-0.296107	0.679038	0.008857	0.046712	0.028534	0.000000	0.000000	0.000000	
0.820000	-1.247010	6.763176	4.026149	0.056115	-0.304343	0.707883	0.008676	0.047980	0.030014	0.000000	0.000000	0.000000	
0.830000	-1.247985	6.884744	4.138487	0.056159	-0.309813	0.713616	0.008676	0.048826	0.030859	0.000000	0.000000	0.000000	
0.840000	-1.248241	6.885658	4.168000	0.056171	-0.309855	0.695763	0.008676	0.048826	0.031071	0.000000	0.000000	0.000000	
0.850000	-1.247997	6.855251	4.139925	0.056160	-0.308486	0.653689	0.008676	0.048614	0.030859	0.000000	0.000000	0.000000	
0.860000	-1.221998	6.855251	4.140148	0.054990	-0.308486	0.584844	0.008495	0.048614	0.030859	0.000000	0.000000	0.000000	
0.870000	-1.247754	6.824850	4.111844	0.056149	-0.307118	0.493877	0.008676	0.048403	0.030648	0.000000	0.000000	0.000000	
0.880000	-1.221270	6.793559	4.054466	0.054957	-0.305710	0.383609	0.008495	0.048192	0.030225	0.000000	0.000000	0.000000	
0.890000	-1.220052	6.700693	3.911137	0.054902	-0.301531	0.260028	0.008495	0.047557	0.029169	0.000000	0.000000	0.000000	
0.900000	-1.244278	6.547342	3.711250	0.055993	-0.294630	0.125757	0.008676	0.046501	0.027689	0.000000	0.000000	0.000000	
0.910000	-1.240775	6.330029	3.307473	0.055835	-0.284851	-0.008226	0.008676	0.045021	0.024730	0.000000	0.000000	0.000000	
0.920000	-1.234462	6.077733	2.579916	0.055551	-0.273498	-0.131907	0.008676	0.043330	0.019446	0.000000	0.000000	0.000000	
0.930000	-1.199330	5.735903	1.471946	0.053970	-0.258116	-0.237989	0.008495	0.041005	0.011414	0.000000	0.000000	0.000000	
0.940000	-1.183415	5.314048	-0.401401	0.053254	-0.239132	-0.304416	0.008495	0.038046	-0.002114	0.000000	0.000000	0.000000	
0.950000	-1.135092	4.757964	-3.184772	0.051079	-0.214108	-0.320103	0.008315	0.033819	-0.022193	0.000000	0.000000	0.000000	
0.960000	-1.128634	4.121254	-6.849561	0.050789	-0.185456	-0.282060	0.008495	0.028323	-0.048614	0.000000	0.000000	0.000000	
0.970000	-1.092277	3.511598	-11.129189	0.049152	-0.158022	-0.198432	0.008495	0.021982	-0.079474	0.000000	0.000000	0.000000	
0.980000	-1.054469	3.024520	-15.579486	0.047451	-0.136103	-0.085899	0.008495	0.015430	-0.111601	0.000000	0.000000	0.000000	
0.990000	-1.018239	2.625846	-19.844112	0.045821	-0.118163	0.042166	0.008495	0.008666	-0.142461	0.000000	0.000000	0.000000	
1.000000	-0.987551	2.336838	-23.456324	0.044440	-0.105158	0.166699	0.008495	0.002536	-0.168670	0.000000	0.000000	0.000000	
1.010000	-0.969031	2.046753	-25.636297	0.043606	-0.092104	0.253634	0.008495	-0.002325	-0.184523	0.000000	0.000000	0.000000	
1.020000	-0.962110	1.639829	-26.450991	0.043295	-0.073792	0.303849	0.008495	-0.006341	-0.190441	0.000000	0.000000	0.000000	
1.030000	-0.967278	1.405694	-25.842678	0.043528	-0.063256	0.316936	0.008495	-0.007186	-0.186002	0.000000	0.000000	0.000000	
1.040000	-0.981115	1.434323	-24.213968	0.044150	-0.064545	0.309784	0.008495	-0.004861	-0.174166	0.000000	0.000000	0.000000	
1.050000	-1.001912	1.734887	-21.765905	0.045086	-0.078070	0.289432	0.008495	0.000211	-0.156411	0.000000	0.000000	0.000000	
1.060000	-1.028194	2.197353	-18.672258	0.046269	-0.098881	0.260974	0.008495	0.006764	-0.134006	0.000000	0.000000	0.000000	
1.070000	-1.058224	2.857792	-15.137488	0.047620	-0.128601	0.230249	0.008495	0.014584	-0.108431	0.000000	0.000000	0.000000	
1.080000	-1.091004	3.641479	-11.278997	0.049095	-0.163867	0.198644	0.008495	0.022828	-0.080531	0.000000	0.000000	0.000000	
1.090000	-1.126032	4.519608	-7.155863	0.050671	-0.203382	0.164507	0.008495	0.031071	-0.050728	0.000000	0.000000	0.000000	
1.100000	-1.162326	5.400321	-2.883729	0.052305	-0.243014	0.128446	0.008495	0.038469	-0.019868	0.000000	0.000000	0.000000	
1.110000	-1.197425	6.146714	1.247713	0.053884	-0.276602	0.098756	0.008495	0.043964	0.009934	0.000000	0.000000	0.000000	
1.120000	-1.221043	6.733682	4.027785	0.054947	-0.303016	0.125175	0.008495	0.047769	0.030014	0.000000	0.000000	0.000000	
1.130000	-1.246537	7.263645	3.971660	0.056094	-0.326864	0.269923	0.008676	0.051573	0.029803	0.000000	0.000000	0.000000	
1.140000	-1.241225	7.099096	3.359367	0.055855	-0.319459	0.426080	0.008676	0.050517	0.025364	0.000000	0.000000	0.000000	
1.150000	-1.216804	6.660531	3.528837	0.054756	-0.299724	0.529535	0.008495	0.047346	0.026421	0.000000	0.000000	0.000000	
1.160000	-1.244278	6.547342	3.711250	0.055993	-0.294630	0.611515	0.008676	0.046501	0.027689	0.000000	0.000000	0.000000	
1.170000	-1.271707	6.699835	3.881172	0.057227	-0.301493	0.670426	0.008857	0.047557	0.028957	0.000000	0.000000	0.000000	
1.180000	-1.247716	6.913329	4.107530	0.056147	-0.311100	0.701146	0.008676	0.049037	0.030648	0.000000	0.000000	0.000000	
1.190000	-1.248690	7.034965	4.219741	0.056191	-0.316573	0.710109	0.008676	0.049882	0.031494	0.000000	0.000000	0.000000	
1.200000	-1.274952	7.065389	4.247550	0.057373	-0.317942	0.695553	0.008857	0.050094	0.031705	0.000000	0.000000	0.000000	
1.210000	-1.274703	7.034965	4.219513	0.057362	-0.316573	0.656595	0.008857	0.049882	0.031494	0.000000	0.000000	0.000000	
1.220000	-1.248690	7.034965	4.219741	0.056191	-0.316573	0.590671	0.008676	0.049882	0.031494	0.000000	0.000000	0.000000	
1.230000	-1.248434	7.034038	4.190229	0.056180	-0.316532	0.502393	0.008676	0.049882	0.031282	0.000000	0.000000	0.000000	
1.240000	-1.248203	6.974135	4.163649	0.056169	-0.313836	0.393009	0.008676	0.049460	0.031071	0.000000	0.000000	0.000000	
1.250000	-1.247204	6.911531	4.048504	0.056124	-0.311019	0.269995	0.008676	0.049037	0.030225	0.000000	0.000000	0.000000	
1.260000	-1.245973	6.789176	3.906675	0.056069	-0.305513	0.134456	0.008676	0.048192	0.029169	0.000000	0.000000	0.000000	
1.270000	-1.243230	6.603113	3.590430	0.055945	-0.297140	-0.002651	0.008676	0.046923	0.026844	0.000000	0.000000	0.000000	
1.280000	-1.238213	6.323040	3.012288	0.055720	-0.284537	-0.132797	0.008676	0.045021	0.022616	0.000000	0.000000	0.000000	
1.290000	-1.228604	5.977676	1.904708	0.055287	-0.268995	-0.239202	0.008676	0.042696	0.014584	0.000000	0.000000	0.000000	
1.300000	-1.187601	5.549933	0.091371	0.053442	-0.249747	-0.309189	0.008495	0.039737	0.001480	0.000000	0.000000	0.000000	
1.310000	-1.163961	4.983807	-2.691314	0.052378	-0.224271	-0.326295	0.008495	0.035510	-0.018600	0.000000	0.000000	0.000000	
1.320000	-1.108257	4.277525	-6.412076	0.049872	-0.192489	-0.287607	0.008315	0.029591	-0.045444	0.000000	0.000000	0.000000	
1.330000	-1.095255	3.601997	-10.778597	0.049286	-0.162090	-0.202372	0.008495	0.022828	-0.076937	0.000000	0.000000	0.000000	
1.340000	-1.056460	3.027935	-15.345177	0.047541	-0.136257	-0.087268	0.008495	0.015641	-0.109911	0.000000	0.000000	0.000000	
1.350000	-1.019483	2.575434	-19.697710	0.045877	-0.115895	0.041812	0.008495	0.008455	-0.141404	0.000000	0.000000	0.000000	
1.360000	-0.987801	2.213773	-23.426966	0.044451	-0.099620	0.168482	0.008495	0.001691	-0.168459	0.000000	0.000000	0.000000	
1.370000	-0.967052	1.854069	-25.869215	0.043517	-0.083433	0.264121	0.008495	-0.004016	-0.186214	0.000000	0.000000	0.000000	
1.380000	-0.961112	1.455545	-26.568417	0.043250	-0.065500	0.306112	0.008495	-0.007821	-0.191287	0.000000	0.000000	0.000000	
1.390000	-0.965781	1.172826	-26.018925	0.043460	-0.052777	0.318712	0.008495	-0.009089	-0.187271	0.000000	0.000000	0.000000	
1.400000	-0.981105	1.227632	-24.215126	0.044150	-0.055243	0.308409	0.008495	-0.006341	-0.174166	0.000000	0.000000	0.000000	
1.410000	-1.002407	1.548533	-21.707645	0.045108	-0.069684	0.284974	0.008495	-0.001057	-0.155988	0.000000	0.000000	0.000000	
1.420000	-1.025968	2.026418	-18.934340	0.046169	-0.091189	0.258683	0.008495	0.005284	-0.135909	0.000000	0.000000	0.000000	
1.430000	-1.055496	2.775218	-15.458663	0.047497	-0.124885	0.228731	0.008495	0.013739	-0.110756	0.000000	0.000000	0.000000	
1.440000	-1.087515	3.616302	-11.689648	0.048938	-0.162734	0.199752	0.008495	0.022405	-0.083490	0.000000	0.000000	0.000000	
1.450000	-1.121766	4.575475	-7.658046	0.050479	-0.205896	0.168860	0.008495	0.031282	-0.054321	0.000000	0.000000	0.000000	
1.460000	-1.157291	5.472314	-3.476406	0.052078	-0.246254	0.136551	0.008495	0.038891	-0.024096	0.000000	0.000000	0.000000	
1.470000	-1.193105	6.290123	0.739208	0.053690	-0.283056	0.103317	0.008495	0.045021	0.006341	0.000000	0.000000	0.000000	
1.480000	-1.198931	6.896126	4.493068	0.053952	-0.310326	0.086716	0.008315	0.048826	0.033396	0.000000	0.000000	0.000000	
1.490000	-1.219438	7.236877	6.959348	0.054875	-0.325659	0.119287	0.008315	0.050517	0.051151	0.000000	0.000000	0.000000	
1.500000	-1.224756	7.448534	7.598951	0.055114	-0.335184	0.220932	0.008315	0.051785	0.055801	0.000000	0.000000	0.000000	
1.510000	-1.225271	7.392863	7.660957	0.055137	-0.332679	0.331483	0.008315	0.051362	0.056223	0.000000	0.000000	0.000000	
1.520000	-1.230505	7.222652	8.290421	0.055373	-0.325019	0.395972	0.008315	0.049882	0.060662	0.000000	0.000000	0.000000	
1.530000	-1.243597	7.060843	9.864900	0.055962	-0.317738	0.394592	0.008315	0.047980	0.071865	0.000000	0.000000	0.000000	
1.540000	-1.264745	7.000731	12.408351	0.056914	-0.315033	0.324157	0.008315	0.046078	0.090042	0.000000	0.000000	0.000000	
1.550000	-1.262850	7.231900	15.555729	0.056828	-0.325436	0.199756	0.008134	0.045444	0.112658	0.000000	0.000000	0.000000	
1.560000	-1.229241	7.679390	18.453114	0.055316	-0.345573	0.059294	0.007772	0.046078	0.133584	0.000000	0.000000	0.000000	
1.570000	-1.215916	8.112942	20.463619	0.054716	-0.365082	-0.068263	0.007592	0.047135	0.148168	0.000000	0.000000	0.000000	
1.580000	-1.251229	8.207920	21.282116	0.056305	-0.369356	-0.168060	0.007772	0.046923	0.154086	0.000000	0.000000	0.000000	
1.590000	-1.276731	7.811734	20.829790	0.057453	-0.351528	-0.234638	0.007953	0.044598	0.150704	0.000000	0.000000	0.000000	
1.600000	-1.237083	6.779992	19.462147	0.055669	-0.305100	-0.281357	0.007772	0.038680	0.140559	0.000000	0.000000	0.000000	
1.610000	-1.219648	5.325242	17.218987	0.054884	-0.239636	-0.306721	0.007772	0.030437	0.124072	0.000000	0.000000	0.000000	
1.620000	-1.195067	3.576405	14.056321	0.053778	-0.160938	-0.304917	0.007772	0.020503	0.101033	0.000000	0.000000	0.000000	
1.630000	-1.164830	1.818105	10.166073	0.052417	-0.081815	-0.280315	0.007772	0.010357	0.072921	0.000000	0.000000	0.000000	
1.640000	-1.129603	0.261467	5.633825	0.050832	-0.011766	-0.232202	0.007772	0.001057	0.040371	0.000000	0.000000	0.000000	
1.650000	-1.091040	-0.854652	0.672274	0.049097	0.038459	-0.165417	0.007772	-0.006130	0.004861	0.000000	0.000000	0.000000	
1.660000	-1.075049	-1.373796	-4.528746	0.048377	0.061821	-0.083753	0.007953	-0.010357	-0.032339	0.000000	0.000000	0.000000	
1.670000	-1.012325	-1.304569	-9.455092	0.045555	0.058706	-0.005721	0.007772	-0.011625	-0.067637	0.000000	0.000000	0.000000	
1.680000	-0.979638	-0.748888	-13.660593	0.044084	0.033700	0.052961	0.007772	-0.010146	-0.097863	0.000000	0.000000	0.000000	
1.690000	-0.976538	0.022963	-16.914944	0.043944	-0.001033	0.085894	0.007953	-0.007186	-0.121324	0.000000	0.000000	0.000000	
1.700000	-0.935934	0.864233	-19.283472	0.042117	-0.038890	0.099461	0.007772	-0.003382	-0.138445	0.000000	0.000000	0.000000	
1.710000	-0.924811	1.543768	-20.714592	0.041616	-0.069470	0.094166	0.007772	0.000000	-0.148802	0.000000	0.000000	0.000000	
1.720000	-0.942134	2.007426	-21.240749	0.042396	-0.090334	0.073583	0.007953	0.002748	-0.152607	0.000000	0.000000	0.000000	
1.730000	-0.921850	2.221282	-21.095499	0.041483	-0.099958	0.049567	0.007772	0.004439	-0.151550	0.000000	0.000000	0.000000	
1.740000	-0.923430	2.396920	-20.892227	0.041554	-0.107861	0.050250	0.007772	0.005918	-0.150070	0.000000	0.000000	0.000000	
1.750000	-0.946058	2.522561	-20.747360	0.042573	-0.113515	0.080574	0.007953	0.006975	-0.149013	0.000000	0.000000	0.000000	
1.760000	-0.925458	2.623183	-20.631258	0.041646	-0.118043	0.138085	0.007772	0.007821	-0.148168	0.000000	0.000000	0.000000	
1.770000	-0.927267	2.706615	-20.398575	0.041727	-0.121798	0.214339	0.007772	0.008666	-0.146477	0.000000	0.000000	0.000000	
1.780000	-0.953231	2.832532	-19.845522	0.042895	-0.127464	0.297533	0.007953	0.010146	-0.142461	0.000000	0.000000	0.000000	
1.790000	-0.941091	2.927639	-18.619965	0.042349	-0.131744	0.368541	0.007772	0.012048	-0.133584	0.000000	0.000000	0.000000	
1.800000	-0.957910	2.948818	-16.456116	0.043106	-0.132697	0.411573	0.007772	0.014162	-0.117942	0.000000	0.000000	0.000000	
1.810000	-1.003958	2.980977	-13.467343	0.045178	-0.134144	0.412108	0.007953	0.016698	-0.096383	0.000000	0.000000	0.000000	
1.820000	-1.015853	3.034210	-9.001237	0.045713	-0.136539	0.366612	0.007772	0.019657	-0.064255	0.000000	0.000000	0.000000	
1.830000	-1.059109	3.230002	-3.435885	0.047660	-0.145350	0.272817	0.007772	0.022828	-0.024307	0.000000	0.000000	0.000000	
1.840000	-1.107910	3.631971	2.842775	0.049856	-0.163439	0.143335	0.007772	0.025787	0.020714	0.000000	0.000000	0.000000	
1.850000	-1.156662	4.287442	9.115194	0.052050	-0.192935	0.005900	0.007772	0.028534	0.065735	0.000000	0.000000	0.000000	
1.860000	-1.200264	5.066538	14.724927	0.054012	-0.227994	-0.114343	0.007772	0.030648	0.106106	0.000000	0.000000	0.000000	
1.870000	-1.234864	5.702020	19.176643	0.055569	-0.256591	-0.199118	0.007772	0.031282	0.138234	0.000000	0.000000	0.000000	
1.880000	-1.257355	6.046549	22.070248	0.056581	-0.272095	-0.233928	0.007772	0.030648	0.159159	0.000000	0.000000	0.000000	
1.890000	-1.266008	6.022226	23.183546	0.056970	-0.271000	-0.211670	0.007772	0.029169	0.167191	0.000000	0.000000	0.000000	
1.900000	-1.262903	5.658874	22.784132	0.056831	-0.254649	-0.146581	0.007772	0.027055	0.164232	0.000000	0.000000	0.000000	
1.910000	-1.255753	5.005729	21.864143	0.056509	-0.225258	-0.084739	0.007772	0.023462	0.157468	0.000000	0.000000	0.000000	
1.920000	-1.248380	4.177289	20.915565	0.056177	-0.187978	-0.048902	0.007772	0.018600	0.150493	0.000000	0.000000	0.000000	
1.930000	-1.242570	3.326172	20.168007	0.055916	-0.149678	-0.049196	0.007772	0.013316	0.144997	0.000000	0.000000	0.000000	
1.940000	-1.237853	2.617892	19.561131	0.055703	-0.117805	-0.081876	0.007772	0.008877	0.140559	0.000000	0.000000	0.000000	
1.950000	-1.233788	2.071998	19.038141	0.055520	-0.093240	-0.142564	0.007772	0.005496	0.136754	0.000000	0.000000	0.000000	
1.960000	-1.229021	1.723078	18.424887	0.055306	-0.077539	-0.220867	0.007772	0.003593	0.132315	0.000000	0.000000	0.000000	
1.970000	-1.221285	1.505621	17.429567	0.054958	-0.067753	-0.300440	0.007772	0.002959	0.125129	0.000000	0.000000	0.000000	
1.980000	-1.207610	1.384247	15.670154	0.054342	-0.062291	-0.360317	0.007772	0.003593	0.112447	0.000000	0.000000	0.000000	
1.990000	-1.186602	1.282851	12.967284	0.053397	-0.057728	-0.388205	0.007772	0.004861	0.093001	0.000000	0.000000	0.000000	
2.000000	-1.157085	1.128495	9.169616	0.052069	-0.050782	-0.372757	0.007772	0.005918	0.065735	0.000000	0.000000	0.000000	
2.010000	-1.119260	0.981871	4.303038	0.050367	-0.044184	-0.310417	0.007772	0.006552	0.030859	0.000000	0.000000	0.000000	
2.020000	-1.074739	0.981602	-1.424889	0.048363	-0.044172	-0.205773	0.007772	0.006975	-0.010146	0.000000	0.000000	0.000000	
2.030000	-1.027491	1.175692	-7.503870	0.046237	-0.052906	-0.077138	0.007772	0.006975	-0.053687	0.000000	0.000000	0.000000	
2.040000	-0.983097	1.541207	-13.215549	0.044239	-0.069354	0.047559	0.007772	0.006552	-0.094692	0.000000	0.000000	0.000000	
2.050000	-0.945926	2.049198	-17.997910	0.042567	-0.092214	0.147044	0.007772	0.006341	-0.129145	0.000000	0.000000	0.000000	
2.060000	-0.918437	2.554590	-21.534653	0.041330	-0.114957	0.210597	0.007772	0.006341	-0.154720	0.000000	0.000000	0.000000	
2.070000	-0.902583	2.888211	-23.574423	0.040616	-0.129969	0.229808	0.007772	0.006341	-0.169516	0.000000	0.000000	0.000000	
2.080000	-0.920102	2.963626	-24.011024	0.041405	-0.133363	0.202102	0.007953	0.006341	-0.172686	0.000000	0.000000	0.000000	
2.090000	-0.903257	2.961876	-23.487696	0.040647	-0.133284	0.157862	0.007772	0.006975	-0.168882	0.000000	0.000000	0.000000	
2.100000	-0.909354	3.066333	-22.703278	0.040921	-0.137985	0.129163	0.007772	0.008666	-0.163175	0.000000	0.000000	0.000000	
2.110000	-0.936735	3.263854	-21.919634	0.042153	-0.146873	0.127590	0.007953	0.010991	-0.157468	0.000000	0.000000	0.000000	
2.120000	-0.921311	3.470328	-21.164883	0.041459	-0.156165	0.153384	0.007772	0.013316	-0.151972	0.000000	0.000000	0.000000	
2.130000	-0.927402	3.676655	-20.381207	0.041733	-0.165449	0.202130	0.007772	0.015641	-0.146266	0.000000	0.000000	0.000000	
2.140000	-0.935315	3.825052	-19.363178	0.042089	-0.172127	0.262035	0.007772	0.017755	-0.138868	0.000000	0.000000	0.000000	
2.150000	-0.946649	3.894122	-17.904959	0.042599	-0.175235	0.320625	0.007772	0.019657	-0.128299	0.000000	0.000000	0.000000	
2.160000	-0.963932	3.831532	-15.681357	0.043377	-0.172419	0.359498	0.007772	0.021137	-0.112236	0.000000	0.000000	0.000000	
2.170000	-0.988337	3.660806	-12.541312	0.044475	-0.164736	0.367638	0.007772	0.022193	-0.089619	0.000000	0.000000	0.000000	
2.180000	-1.021037	3.494107	-8.334182	0.045947	-0.157235	0.333730	0.007772	0.023250	-0.059394	0.000000	0.000000	0.000000	
2.190000	-1.061371	3.400256	-3.144851	0.047762	-0.153012	0.256878	0.007772	0.024096	-0.022193	0.000000	0.000000	0.000000	
2.200000	-1.106791	3.481399	2.698899	0.049806	-0.156663	0.147075	0.007772	0.024730	0.019657	0.000000	0.000000	0.000000	
2.210000	-1.151951	3.775807	8.509059	0.051838	-0.169911	0.030632	0.007772	0.025153	0.061296	0.000000	0.000000	0.000000	
2.220000	-1.193119	4.231740	13.805717	0.053690	-0.190428	-0.075255	0.007772	0.025364	0.099342	0.000000	0.000000	0.000000	
2.230000	-1.223679	4.650347	17.737488	0.055066	-0.209266	-0.147034	0.007772	0.025153	0.127665	0.000000	0.000000	0.000000	
2.240000	-1.248009	5.028972	20.867821	0.056160	-0.226304	-0.189950	0.007772	0.024730	0.150281	0.000000	0.000000	0.000000	
2.250000	-1.260036	5.212899	22.415216	0.056702	-0.234580	-0.184372	0.007772	0.024307	0.161484	0.000000	0.000000	0.000000	
2.260000	-1.260721	5.197650	22.503355	0.056732	-0.233894	-0.138148	0.007772	0.024096	0.162118	0.000000	0.000000	0.000000	
2.270000	-1.256227	4.896922	21.925186	0.056530	-0.220361	-0.088485	0.007772	0.022616	0.157891	0.000000	0.000000	0.000000	
2.280000	-1.251307	4.382974	21.292173	0.056309	-0.197234	-0.063616	0.007772	0.019657	0.153241	0.000000	0.000000	0.000000	
2.290000	-1.247063	3.826082	20.746052	0.056118	-0.172174	-0.069810	0.007772	0.016275	0.149225	0.000000	0.000000	0.000000	
2.300000	-1.243481	3.313762	20.285259	0.055957	-0.149119	-0.106062	0.007772	0.013105	0.145843	0.000000	0.000000	0.000000	
2.310000	-1.239882	2.862058	19.822229	0.055795	-0.128793	-0.166701	0.007772	0.010357	0.142461	0.000000	0.000000	0.000000	
2.320000	-1.234677	2.472002	19.152504	0.055560	-0.111240	-0.240056	0.007772	0.008243	0.137599	0.000000	0.000000	0.000000	
2.330000	-1.225360	2.163507	17.953773	0.055141	-0.097358	-0.308479	0.007772	0.007186	0.128933	0.000000	0.000000	0.000000	
2.340000	-1.209641	1.916285	15.931484	0.054434	-0.086233	-0.355002	0.007772	0.007186	0.114349	0.000000	0.000000	0.000000	
2.350000	-1.186353	1.693494	12.935264	0.053386	-0.076207	-0.368683	0.007772	0.007821	0.092790	0.000000	0.000000	0.000000	
2.360000	-1.155233	1.467502	8.931350	0.051985	-0.066038	-0.343496	0.007772	0.008455	0.064044	0.000000	0.000000	0.000000	
2.370000	-1.116487	1.296184	3.946363	0.050242	-0.058328	-0.275934	0.007772	0.008877	0.028323	0.000000	0.000000	0.000000	
2.380000	-1.072199	1.251017	-1.751771	0.048249	-0.056296	-0.173295	0.007772	0.008877	-0.012471	0.000000	0.000000	0.000000	
2.390000	-1.025872	1.423152	-7.712101	0.046164	-0.064042	-0.051204	0.007772	0.008666	-0.055167	0.000000	0.000000	0.000000	
2.400000	-0.983538	1.801379	-13.158752	0.044259	-0.081062	0.059860	0.007772	0.008455	-0.094269	0.000000	0.000000	0.000000	
2.410000	-0.948868	2.295555	-17.619373	0.042699	-0.103300	0.142709	0.007772	0.008455	-0.126397	0.000000	0.000000	0.000000	
2.420000	-0.923864	2.742429	-20.836382	0.041574	-0.123409	0.189331	0.007772	0.008455	-0.149647	0.000000	0.000000	0.000000	
2.430000	-0.910037	2.992916	-22.615370	0.040952	-0.134681	0.193955	0.007772	0.008243	-0.162541	0.000000	0.000000	0.000000	
2.440000	-0.928422	3.021173	-22.964876	0.041779	-0.135953	0.159256	0.007953	0.008032	-0.165077	0.000000	0.000000	0.000000	
2.450000	-0.910258	3.076721	-22.586990	0.040962	-0.138452	0.118359	0.007772	0.008877	-0.162329	0.000000	0.000000	0.000000	
2.460000	-0.914089	3.262222	-22.094097	0.041134	-0.146800	0.099546	0.007772	0.010780	-0.158736	0.000000	0.000000	0.000000	
2.470000	-0.938797	3.488161	-21.660313	0.042246	-0.156967	0.110550	0.007953	0.012893	-0.155566	0.000000	0.000000	0.000000	
2.480000	-0.919924	3.733459	-21.343332	0.041397	-0.168006	0.153041	0.007772	0.015007	-0.153241	0.000000	0.000000	0.000000	
2.490000	-0.923071	3.907156	-20.938450	0.041538	-0.175822	0.216084	0.007772	0.016698	-0.150281	0.000000	0.000000	0.000000	
2.500000	-0.950083	4.009498	-20.241297	0.042754	-0.180427	0.288016	0.007953	0.018178	-0.145209	0.000000	0.000000	0.000000	
2.510000	-0.938927	3.937584	-18.898443	0.042252	-0.177191	0.349797	0.007772	0.019023	-0.135486	0.000000	0.000000	0.000000	
2.520000	-0.955986	3.744427	-16.703648	0.043019	-0.168499	0.388437	0.007772	0.019657	-0.119633	0.000000	0.000000	0.000000	
2.530000	-0.981302	3.450505	-13.446461	0.044159	-0.155273	0.390295	0.007772	0.020080	-0.096172	0.000000	0.000000	0.000000	
2.540000	-1.015605	3.154197	-9.033074	0.045702	-0.141939	0.346643	0.007772	0.020503	-0.064467	0.000000	0.000000	0.000000	
2.550000	-1.058002	2.997502	-3.578282	0.047610	-0.134888	0.257945	0.007772	0.021137	-0.025364	0.000000	0.000000	0.000000	
2.560000	-1.105484	3.094271	2.530734	0.049747	-0.139242	0.136865	0.007772	0.021982	0.018389	0.000000	0.000000	0.000000	
2.570000	-1.152922	3.487900	8.634056	0.051882	-0.156955	0.008430	0.007772	0.023039	0.062142	0.000000	0.000000	0.000000	
2.580000	-1.195442	4.054703	14.104589	0.053795	-0.182462	-0.103579	0.007772	0.023884	0.101456	0.000000	0.000000	0.000000	
2.590000	-1.229617	4.632109	18.501591	0.055333	-0.208445	-0.183401	0.007772	0.024307	0.133161	0.000000	0.000000	0.000000	
2.600000	-1.252336	5.025524	21.424503	0.056355	-0.226149	-0.216593	0.007772	0.024096	0.154297	0.000000	0.000000	0.000000	
2.610000	-1.261417	5.123417	22.592876	0.056764	-0.230554	-0.199994	0.007772	0.023462	0.162752	0.000000	0.000000	0.000000	
2.620000	-1.260527	5.015769	22.478371	0.056724	-0.225710	-0.141598	0.007772	0.022828	0.161907	0.000000	0.000000	0.000000	
2.630000	-1.254912	4.603487	21.755966	0.056471	-0.207157	-0.082251	0.007772	0.020714	0.156622	0.000000	0.000000	0.000000	
2.640000	-1.249081	4.042983	21.005808	0.056209	-0.181934	-0.048876	0.007772	0.017543	0.151127	0.000000	0.000000	0.000000	
2.650000	-1.244828	3.487246	20.458511	0.056017	-0.156926	-0.051839	0.007772	0.014162	0.147111	0.000000	0.000000	0.000000	
2.660000	-1.241687	3.043425	20.054417	0.055876	-0.136954	-0.087617	0.007772	0.011414	0.144152	0.000000	0.000000	0.000000	
2.670000	-1.238985	2.697706	19.706762	0.055754	-0.121397	-0.150668	0.007772	0.009300	0.141615	0.000000	0.000000	0.000000	
2.680000	-1.235361	2.454654	19.240484	0.055591	-0.110459	-0.230725	0.007772	0.008032	0.138234	0.000000	0.000000	0.000000	
2.690000	-1.228313	2.301967	18.333706	0.055274	-0.103589	-0.310237	0.007772	0.007821	0.131681	0.000000	0.000000	0.000000	
2.700000	-1.214875	2.143050	16.604839	0.054669	-0.096437	-0.368381	0.007772	0.008243	0.119211	0.000000	0.000000	0.000000	
2.710000	-1.193425	1.928928	13.845145	0.053704	-0.086802	-0.391637	0.007772	0.008877	0.099342	0.000000	0.000000	0.000000	
2.720000	-1.163014	1.594408	9.932459	0.052336	-0.071748	-0.370032	0.007772	0.008877	0.071230	0.000000	0.000000	0.000000	
2.730000	-1.124516	1.329273	4.979276	0.050603	-0.059817	-0.303940	0.007772	0.008877	0.035721	0.000000	0.000000	0.000000	
2.740000	-1.079313	1.242601	-0.836475	0.048569	-0.055917	-0.196607	0.007772	0.008877	-0.005918	0.000000	0.000000	0.000000	
2.750000	-1.031141	1.416881	-7.034184	0.046401	-0.063760	-0.064976	0.007772	0.008877	-0.050305	0.000000	0.000000	0.000000	
2.760000	-0.986048	1.830234	-12.835875	0.044372	-0.082361	0.060414	0.007772	0.008877	-0.091944	0.000000	0.000000	0.000000	
2.770000	-0.948639	2.328808	-17.648916	0.042689	-0.104796	0.157014	0.007772	0.008666	-0.126608	0.000000	0.000000	0.000000	
2.780000	-0.921142	2.795701	-21.186678	0.041451	-0.125807	0.215568	0.007772	0.008455	-0.152184	0.000000	0.000000	0.000000	
2.790000	-0.905960	3.109451	-23.139933	0.040768	-0.139925	0.225215	0.007772	0.008455	-0.166345	0.000000	0.000000	0.000000	
2.800000	-0.924018	3.173531	-23.518562	0.041581	-0.142809	0.188775	0.007953	0.008455	-0.169093	0.000000	0.000000	0.000000	
2.810000	-0.906857	3.208051	-23.024494	0.040809	-0.144362	0.139458	0.007772	0.009300	-0.165500	0.000000	0.000000	0.000000	
2.820000	-0.912498	3.354097	-22.298813	0.041062	-0.150934	0.106934	0.007772	0.011202	-0.160216	0.000000	0.000000	0.000000	
2.830000	-0.939023	3.542640	-21.631916	0.042256	-0.159419	0.104269	0.007953	0.013316	-0.155354	0.000000	0.000000	0.000000	
2.840000	-0.921732	3.756648	-21.110752	0.041478	-0.169049	0.134544	0.007772	0.015430	-0.151550	0.000000	0.000000	0.000000	
2.850000	-0.925560	3.917948	-20.618256	0.041650	-0.176308	0.190861	0.007772	0.017121	-0.147956	0.000000	0.000000	0.000000	
2.860000	-0.952399	4.026126	-19.950176	0.042858	-0.181176	0.261646	0.007953	0.018600	-0.143095	0.000000	0.000000	0.000000	
2.870000	-0.939600	3.984692	-18.811806	0.042282	-0.179311	0.330577	0.007772	0.019446	-0.134852	0.000000	0.000000	0.000000	
2.880000	-0.954610	3.824727	-16.880703	0.042957	-0.172113	0.379496	0.007772	0.020080	-0.120902	0.000000	0.000000	0.000000	
2.890000	-0.977182	3.561591	-13.976590	0.043973	-0.160272	0.396167	0.007772	0.020503	-0.099976	0.000000	0.000000	0.000000	
2.900000	-1.008502	3.245681	-9.946918	0.045383	-0.146056	0.369255	0.007772	0.020714	-0.071019	0.000000	0.000000	0.000000	
2.910000	-1.048826	3.032448	-4.758841	0.047197	-0.136460	0.292592	0.007772	0.021137	-0.033819	0.000000	0.000000	0.000000	
2.920000	-1.095398	3.017380	1.232959	0.049293	-0.135782	0.177381	0.007772	0.021559	0.009089	0.000000	0.000000	0.000000	
