0.010000	2.405262
0.020000	2.388624
0.030000	2.405262
0.040000	2.410428
0.050000	2.414562
0.060000	2.414562
0.070000	2.418467
0.080000	2.418467
0.090000	2.426506
0.100000	2.434544
0.110000	2.442583
0.120000	2.458660
0.130000	2.478638
0.140000	2.502750
0.150000	2.531000
0.160000	2.563148
0.170000	2.599190
0.180000	2.639368
0.190000	2.687578
0.200000	2.743817
0.210000	2.800050
0.220000	2.872342
0.230000	2.952653
0.240000	3.044850
0.250000	3.149210
0.260000	3.265428
0.270000	3.397970
0.280000	3.546187
0.290000	3.710717
0.300000	3.906874
0.310000	4.110915
0.320000	4.335024
0.330000	4.586748
0.340000	4.866431
0.350000	5.181506
0.360000	5.575860
0.370000	5.973825
0.380000	6.426079
0.390000	6.925478
0.400000	7.474619
0.410000	8.140108
0.420000	8.865586
0.430000	9.568582
0.440000	10.391107
0.450000	11.197253
0.460000	12.055711
0.470000	12.971145
0.480000	14.047226
0.490000	15.076504
0.500000	16.148218
0.510000	17.269148
0.520000	18.413828
0.530000	19.571716
0.540000	20.709875
0.550000	21.791763
0.560000	22.777210
0.570000	23.649216
0.580000	24.386263
0.590000	24.986876
0.600000	25.451277
0.610000	25.780609
0.620000	25.987238
0.630000	26.069490
0.640000	26.040140
0.650000	25.916553
0.660000	25.723057
0.670000	25.460829
0.680000	25.142040
0.690000	24.759003
0.700000	24.311621
0.710000	23.806356
0.720000	23.249523
0.730000	22.652313
0.740000	22.035460
0.750000	21.429831
0.760000	20.863386
0.770000	20.371977
0.780000	19.989893
0.790000	19.735905
0.800000	19.628208
0.810000	19.639156
0.820000	19.783476
0.830000	20.047113
0.840000	20.354010
0.850000	20.710712
0.860000	21.094049
0.870000	21.483265
0.880000	21.860321
0.890000	22.205862
0.900000	22.505463
0.910000	22.744904
0.920000	22.914448
0.930000	23.008604
0.940000	23.023531
0.950000	22.972235
0.960000	22.884434
0.970000	22.774982
0.980000	22.654461
0.990000	22.535751
1.000000	22.421053
1.010000	22.329931
1.020000	22.260401
1.030000	22.227758
1.040000	22.223433
1.050000	22.247347
1.060000	22.266926
1.070000	22.279972
1.080000	22.282171
1.090000	22.279972
1.100000	22.275648
1.110000	22.282171
1.120000	22.282171
1.130000	22.282171
1.140000	22.282171
1.150000	22.282171
1.160000	22.284369
1.170000	22.284369
1.180000	22.284369
1.190000	22.284369
1.200000	22.286566
1.210000	22.286566
1.220000	22.288761
1.230000	22.295280
1.240000	22.297474
1.250000	22.303991
1.260000	22.310509
1.270000	22.319214
1.280000	22.330051
1.290000	22.338751
1.300000	22.345263
1.310000	22.349636
1.320000	22.356144
1.330000	22.362650
1.340000	22.364834
1.350000	22.371338
1.360000	22.373522
1.370000	22.380024
1.380000	22.382204
1.390000	22.388706
1.400000	22.390884
1.410000	22.399561
1.420000	22.408236
1.430000	22.414732
1.440000	22.427721
1.450000	22.436384
1.460000	22.445045
1.470000	22.458023
1.480000	22.466677
1.490000	22.481812
1.500000	22.488295
1.510000	22.496939
1.520000	22.505577
1.530000	22.514215
1.540000	22.520691
1.550000	22.529322
1.560000	22.535795
1.570000	22.537951
1.580000	22.540104
1.590000	22.548727
1.600000	22.555195
1.610000	22.557346
1.620000	22.563812
1.630000	22.595097
1.640000	22.601568
1.650000	22.610188
1.660000	22.618803
1.670000	22.627415
1.680000	22.636024
1.690000	22.644630
1.700000	22.653233
1.710000	22.661831
1.720000	22.670425
1.730000	22.681150
1.740000	22.694057
1.750000	22.704771
1.760000	22.713348
1.770000	22.721924
1.780000	22.730494
1.790000	22.734741
1.800000	22.738987
1.810000	22.747547
1.820000	22.749666
1.830000	22.753902
1.840000	22.758137
1.850000	22.762365
1.860000	22.773024
1.870000	22.777246
1.880000	22.787891
1.890000	22.794210
1.900000	22.804840
1.910000	22.813244
1.920000	22.823856
1.930000	22.838650
1.940000	22.847013
1.950000	22.861769
1.960000	22.872187
1.970000	22.884659
1.980000	22.901243
1.990000	22.917580
2.000000	22.944090
2.010000	22.981297
2.020000	23.023415
2.030000	23.102983
2.040000	23.153522
2.050000	23.190010
2.060000	23.186249
2.070000	23.108894
2.080000	22.922461
2.090000	22.514345
2.100000	22.074015
2.110000	21.610651
2.120000	21.165810
2.130000	20.773119
2.140000	20.502846
2.150000	20.332577
2.160000	20.074560
2.170000	19.949530
2.180000	19.792423
2.190000	19.585461
2.200000	19.390648
2.210000	19.200634
2.220000	18.947943
2.230000	18.682642
2.240000	18.383669
2.250000	18.033535
2.260000	17.626898
2.270000	17.150204
2.280000	16.600363
2.290000	15.964103
2.300000	15.245930
2.310000	14.458035
2.320000	13.611650
2.330000	12.730967
2.340000	12.118222
2.350000	11.592343
2.360000	11.036084
2.370000	10.554599
2.380000	10.216311
2.390000	9.969552
2.400000	9.848384
2.410000	9.809904
2.420000	9.879807
2.430000	10.015147
2.440000	10.182302
2.450000	10.399374
2.460000	10.626513
2.470000	10.896435
2.480000	11.199807
2.490000	11.578978
2.500000	12.007014
2.510000	12.501729
2.520000	12.994084
2.530000	13.596683
2.540000	14.255045
2.550000	14.970604
2.560000	15.662304
2.570000	16.471117
2.580000	17.256538
2.590000	18.070852
2.600000	19.001806
2.610000	19.845030
2.620000	20.675056
2.630000	21.561213
2.640000	22.269913
2.650000	22.943602
2.660000	23.485994
2.670000	23.889391
2.680000	24.133072
2.690000	24.263607
2.700000	24.246931
2.710000	24.135029
2.720000	23.954010
2.730000	23.715452
2.740000	23.386528
2.750000	23.048370
2.760000	22.631859
2.770000	22.195896
2.780000	21.808300
2.790000	21.435221
2.800000	21.074955
2.810000	20.790663
2.820000	20.617496
2.830000	20.511740
2.840000	20.523300
2.850000	20.608768
2.860000	20.788874
2.870000	21.535257
2.880000	23.441751
2.890000	26.203724
2.900000	29.285416
2.910000	32.008411
2.920000	34.087894
2.930000	35.509045
2.940000	36.468704
2.950000	37.259792
2.960000	38.041077
2.970000	39.006077
2.980000	40.253094
2.990000	41.855526
3.000000	43.604202
3.010000	45.123718
3.020000	46.028419
3.030000	46.115082
3.040000	45.697872
3.050000	45.008671
3.060000	44.089256
3.070000	42.848827
3.080000	41.403290
3.090000	40.059933
3.100000	39.050663
3.110000	38.465458
3.120000	38.254848
3.130000	38.288231
3.140000	38.264671
3.150000	38.039089
3.160000	37.646580
3.170000	37.136578
3.180000	36.559910
3.190000	35.940754
3.200000	35.411991
3.210000	34.998962
3.220000	34.717480
3.230000	34.537807
3.240000	34.439117
3.250000	34.385403
3.260000	34.306797
3.270000	34.195759
3.280000	34.067684
3.290000	33.850765
3.300000	33.628212
3.310000	33.428867
3.320000	33.283676
3.330000	33.233395
3.340000	33.367535
3.350000	33.609566
3.360000	33.979717
3.370000	34.401566
3.380000	34.820263
3.390000	35.245018
3.400000	35.711868
3.410000	36.237995
3.420000	36.855675
3.430000	37.528255
3.440000	38.239891
3.450000	38.989395
3.460000	39.764011
3.470000	40.510357
3.480000	41.092743
3.490000	41.433674
3.500000	41.430439
3.510000	41.087074
3.520000	40.475903
3.530000	39.754158
3.540000	39.143200
3.550000	38.739471
3.560000	38.548717
3.570000	38.570129
3.580000	38.716026
3.590000	38.819012
3.600000	38.847813
3.610000	38.871017
3.620000	38.863285
3.630000	38.830105
3.640000	38.804661
3.650000	38.863285
3.660000	38.914295
3.670000	38.906437
3.680000	38.888733
3.690000	38.914181
3.700000	38.906437
3.710000	38.914295
3.720000	38.914181
3.730000	38.914181
3.740000	38.914295
3.750000	38.914295
3.760000	38.914181
3.770000	38.939625
3.780000	38.965183
3.790000	38.965069
3.800000	38.965069
3.810000	38.965183
3.820000	38.965069
3.830000	38.965069
3.840000	38.965069
3.850000	38.965183
3.860000	38.965069
3.870000	39.015957
3.880000	39.041397
3.890000	39.066837
3.900000	39.066837
3.910000	39.066837
3.920000	39.066837
3.930000	39.066837
3.940000	39.066837
3.950000	39.066837
3.960000	39.066837
3.970000	39.092274
3.980000	39.143147
3.990000	39.168583
4.000000	39.168583
4.010000	39.168583
4.020000	39.168583
4.030000	39.168583
4.040000	39.168583
4.050000	39.168583
4.060000	39.168583
4.070000	39.201931
4.080000	39.252804
4.090000	39.303669
4.100000	39.354534
4.110000	39.354534
4.120000	39.354534
4.130000	39.354534
4.140000	39.354534
4.150000	39.354534
4.160000	39.354534
4.170000	39.379963
4.180000	39.430698
4.190000	39.481548
4.200000	39.506969
4.210000	39.506969
4.220000	39.506969
4.230000	39.506969
4.240000	39.514828
4.250000	39.540375
4.260000	39.556099
4.270000	39.581535
4.280000	39.632401
4.290000	39.716579
4.300000	39.759544
4.310000	39.792873
4.320000	39.800777
4.330000	39.800777
4.340000	39.800777
4.350000	39.800777
4.360000	39.826210
4.370000	39.851643
4.380000	39.902504
4.390000	39.961422
4.400000	40.012280
4.410000	40.037708
4.420000	40.037582
4.430000	40.037582
4.440000	40.037582
4.450000	40.037582
4.460000	40.063011
4.470000	40.088436
4.480000	40.164703
4.490000	40.240963
4.500000	40.350758
4.510000	40.426872
4.520000	40.477695
4.530000	40.503105
4.540000	40.503105
4.550000	40.503105
4.560000	40.503105
4.570000	40.562096
4.580000	40.612785
4.590000	40.705276
4.600000	40.789597
4.610000	40.865700
4.620000	40.941929
4.630000	40.992741
4.640000	41.018147
4.650000	41.018147
4.660000	41.026409
4.670000	41.077225
4.680000	41.161587
4.690000	41.271370
4.700000	41.381023
4.710000	41.490990
4.720000	41.592453
4.730000	41.668652
4.740000	41.719440
4.750000	41.744835
4.760000	41.753235
4.770000	41.778633
4.780000	41.863083
4.790000	41.939114
4.800000	42.023739
4.810000	42.074368
4.820000	42.150536
4.830000	42.175922
4.840000	42.209793
4.850000	42.235184
4.860000	42.235184
4.870000	42.294300
4.880000	42.378819
4.890000	42.463356
4.900000	42.547909
4.910000	42.624081
4.920000	42.700241
4.930000	42.725456
4.940000	42.725456
4.950000	42.725456
4.960000	42.369904
4.970000	39.923962
4.980000	34.960075
4.990000	28.214779
5.000000	20.394037
5.010000	12.011831
5.020000	3.364673
5.030000	-5.319613
5.040000	-13.474840
5.050000	-20.581171
5.060000	-26.021944
5.070000	-29.387600
5.080000	-30.421280
5.090000	-29.247725
5.100000	-26.403635
5.110000	-22.189144
5.120000	-16.893187
5.130000	-10.770782
5.140000	-4.234015
5.150000	2.385267
5.160000	8.649895
5.170000	14.139588
5.180000	18.527136
5.190000	21.512466
5.200000	22.911793
5.210000	22.748545
5.220000	21.332287
5.230000	18.995407
5.240000	15.952199
5.250000	12.317905
5.260000	8.378819
5.270000	4.431284
5.280000	0.705093
5.290000	-2.542717
5.300000	-5.109747
5.310000	-6.821593
5.320000	-7.549344
5.330000	-7.323075
5.340000	-6.417815
5.350000	-5.135964
5.360000	-3.625052
5.370000	-1.988901
5.380000	-0.302184
5.390000	1.284264
5.400000	2.693751
5.410000	3.802010
5.420000	4.557129
5.430000	4.908463
5.440000	4.859140
5.450000	4.607466
5.460000	4.354879
5.470000	4.279385
5.480000	4.330606
5.490000	4.431284
5.500000	4.405208
5.510000	4.380946
5.520000	4.406115
5.530000	4.405208
5.540000	4.380946
5.550000	4.380946
5.560000	4.405208
5.570000	4.431284
5.580000	4.406115
5.590000	4.406115
5.600000	4.431284
5.610000	4.406115
5.620000	4.406115
5.630000	4.431284
5.640000	4.406115
5.650000	4.431284
5.660000	4.431284
5.670000	4.431284
5.680000	4.456454
5.690000	4.481623
5.700000	4.456454
5.710000	4.456454
5.720000	4.456454
5.730000	4.456454
5.740000	4.456454
5.750000	4.456454
5.760000	4.481623
5.770000	4.506792
5.780000	4.531960
5.790000	4.557129
5.800000	4.582297
5.810000	4.582297
5.820000	4.582297
5.830000	4.582297
5.840000	4.582297
5.850000	4.582297
5.860000	4.582297
5.870000	4.607466
5.880000	4.657802
5.890000	4.682970
5.900000	4.708138
5.910000	4.708138
5.920000	4.708138
5.930000	4.708138
5.940000	4.708138
5.950000	4.708138
5.960000	4.708138
5.970000	4.758472
5.980000	4.808807
5.990000	4.859140
6.000000	4.909473
6.010000	4.934640
6.020000	4.934640
6.030000	4.934640
6.040000	4.934640
6.050000	4.934640
6.060000	4.934640
6.070000	4.984972
6.080000	5.035303
6.090000	5.110799
6.100000	5.186294
6.110000	5.261786
6.120000	5.337278
6.130000	5.362441
6.140000	5.387604
6.150000	5.387604
6.160000	5.412767
6.170000	5.437931
6.180000	5.513418
6.190000	5.614066
6.200000	5.739871
6.210000	5.865672
6.220000	6.016626
6.230000	6.142416
6.240000	6.293358
6.250000	6.419137
6.260000	6.519756
6.270000	6.645525
6.280000	6.796442
6.290000	6.972500
6.300000	7.123399
6.310000	7.299437
6.320000	7.425170
6.330000	7.525753
6.340000	7.626332
6.350000	7.651476
6.360000	7.676620
6.370000	7.726907
6.380000	7.802336
6.390000	7.877762
6.400000	7.978327
6.410000	8.078888
6.420000	8.204582
6.430000	8.305134
6.440000	8.405680
6.450000	8.506223
6.460000	8.606760
6.470000	8.757559
6.480000	8.958607
6.490000	9.184764
6.500000	9.410896
6.510000	9.662126
6.520000	9.863087
6.530000	10.038911
6.540000	10.139374
6.550000	10.214718
6.560000	10.264946
6.570000	10.292240
6.580000	10.342477
6.590000	10.392712
6.600000	10.468061
6.610000	10.543408
6.620000	10.593638
6.630000	10.668916
6.640000	10.719141
6.650000	10.744253
6.660000	10.794477
6.670000	10.844700
6.680000	10.970249
6.690000	11.095790
6.700000	11.246427
6.710000	11.397050
6.720000	11.522559
6.730000	11.622960
6.740000	11.673158
6.750000	11.673158
6.760000	11.673158
6.770000	11.698256
6.780000	11.748452
6.790000	11.823743
6.800000	11.876451
6.810000	11.926652
6.820000	11.976851
6.830000	12.001950
6.840000	12.027049
6.850000	12.052148
6.860000	12.077246
6.870000	12.127440
6.880000	12.202729
6.890000	12.303109
6.900000	12.428576
6.910000	12.579121
6.920000	12.704564
6.930000	12.829997
6.940000	12.955420
6.950000	13.055671
6.960000	13.130914
6.970000	13.206152
6.980000	13.306465
6.990000	13.406771
7.000000	13.507070
7.010000	13.582289
7.020000	13.632433
7.030000	13.657504
7.040000	13.657504
7.050000	13.657504
7.060000	13.685473
7.070000	13.710549
7.080000	13.785774
7.090000	13.860909
7.100000	13.936126
7.110000	14.036407
7.120000	14.111613
7.130000	14.161749
7.140000	14.186816
7.150000	14.214892
7.160000	14.239964
7.170000	14.290105
7.180000	14.365314
7.190000	14.490652
7.200000	14.615978
7.210000	14.766354
7.220000	14.891653
7.230000	15.041997
7.240000	15.167175
7.250000	15.292436
7.260000	15.392634
7.270000	15.492825
7.280000	15.643096
7.290000	15.793348
7.300000	15.946959
7.310000	16.122244
7.320000	16.247433
7.330000	16.397642
7.340000	16.497770
7.350000	16.572863
7.360000	16.622919
7.370000	16.698002
7.380000	16.798105
7.390000	16.923220
7.400000	17.048323
7.410000	17.198318
7.420000	17.373413
7.430000	17.527184
7.440000	17.652243
7.450000	17.752281
7.460000	17.827303
7.470000	17.927324
7.480000	18.027336
7.490000	18.131062
7.500000	18.256077
7.510000	18.359964
7.520000	18.434858
7.530000	18.509863
7.540000	18.559864
7.550000	18.559864
7.560000	18.584862
7.570000	18.613680
7.580000	18.688688
7.590000	18.767538
7.600000	18.892555
7.610000	19.021580
7.620000	19.146591
7.630000	19.267513
7.640000	19.371574
7.650000	19.496416
7.660000	19.621368
7.670000	19.771290
7.680000	19.946167
7.690000	20.150249
7.700000	20.375046
7.710000	20.574820
7.720000	20.774414
7.730000	20.928606
7.740000	21.053421
7.750000	21.153261
7.760000	21.203176
7.770000	21.252951
7.780000	21.332321
7.790000	21.407194
7.800000	21.506874
7.810000	21.611250
7.820000	21.711069
7.830000	21.810877
7.840000	21.885578
7.850000	21.990011
7.860000	22.064859
7.870000	22.189592
7.880000	22.343819
7.890000	22.543358
7.900000	22.772594
7.910000	22.971922
7.920000	23.171354
7.930000	23.320898
7.940000	23.420578
7.950000	23.475368
7.960000	23.500290
7.970000	23.530178
7.980000	23.585005
7.990000	23.639851
8.000000	23.719650
8.010000	23.769522
8.020000	23.844322
8.030000	23.899225
8.040000	23.949097
8.050000	23.974031
8.060000	24.023897
8.070000	24.078836
8.080000	24.178574
8.090000	24.308187
8.100000	24.462933
8.110000	24.617712
8.120000	24.742374
8.130000	24.847326
8.140000	24.922121
8.150000	24.947050
8.160000	24.952307
8.170000	24.977240
8.180000	25.027107
8.190000	25.082253
8.200000	25.132122
8.210000	25.187292
8.220000	25.237165
8.230000	25.267420
8.240000	25.292360
8.250000	25.317301
8.260000	25.322456
8.270000	25.377684
8.280000	25.488188
8.290000	25.593384
8.300000	25.723564
8.310000	25.878735
8.320000	26.008980
8.330000	26.158718
8.340000	26.289001
8.350000	26.388813
8.360000	26.494177
8.370000	26.599569
8.380000	26.754719
8.390000	26.935036
8.400000	27.115381
8.410000	27.290031
8.420000	27.470400
8.430000	27.570177
8.440000	27.650799
8.450000	27.675743
8.460000	27.675743
8.470000	27.706499
8.480000	27.737263
8.490000	27.823780
8.500000	27.879351
8.510000	27.935127
8.520000	27.960285
8.530000	28.015892
8.540000	28.040861
8.550000	28.041054
8.560000	28.071901
8.570000	28.102566
8.580000	28.208370
8.590000	28.314203
8.600000	28.470026
8.610000	28.619886
8.620000	28.800709
8.630000	28.950726
8.640000	29.100315
8.650000	29.200153
8.660000	29.300177
8.670000	29.381180
8.680000	29.468164
8.690000	29.574194
8.700000	29.692656
8.710000	29.780018
8.720000	29.861202
8.730000	29.948656
8.740000	29.979906
8.750000	30.029900
8.760000	30.029900
8.770000	30.086166
8.780000	30.173744
8.790000	30.280077
8.800000	30.386436
8.810000	30.511473
8.820000	30.642868
8.830000	30.767881
8.840000	30.874304
8.850000	30.974300
8.860000	31.055756
8.870000	31.162233
8.880000	31.325258
8.890000	31.456816
8.900000	31.619980
8.910000	31.770016
8.920000	31.901651
8.930000	32.001656
8.940000	32.076645
8.950000	32.133316
8.960000	32.183311
8.970000	32.240002
8.980000	32.321716
8.990000	32.460197
9.000000	32.566978
9.010000	32.698795
9.020000	32.848820
9.030000	32.980659
9.040000	33.105652
9.050000	33.205624
9.060000	33.305580
9.070000	33.437443
9.080000	33.619297
9.090000	33.833172
9.100000	34.097115
9.110000	34.329048
9.120000	34.585960
9.130000	34.785717
9.140000	34.960442
9.150000	35.085213
9.160000	35.192299
9.170000	35.274460
9.180000	35.363960
9.190000	35.478481
9.200000	35.568096
9.210000	35.650383
9.220000	35.725300
9.230000	35.800209
9.240000	35.850384
9.250000	35.900070
9.260000	35.932465
9.270000	36.014809
9.280000	36.122139
9.290000	36.261959
9.300000	36.419300
9.310000	36.594070
9.320000	36.743828
9.330000	36.893543
9.340000	37.000969
9.350000	37.075813
9.360000	37.125698
9.370000	37.158318
9.380000	37.223576
9.390000	37.281178
9.400000	37.363754
9.410000	37.429111
9.420000	37.461803
9.430000	37.511742
9.440000	37.536709
9.450000	37.561676
9.460000	37.594395
9.470000	37.627117
9.480000	37.742558
9.490000	37.875240
9.500000	38.007942
9.510000	38.165638
9.520000	38.331245
9.530000	38.513981
9.540000	38.663799
9.550000	38.813576
9.560000	38.946365
9.570000	39.104130
9.580000	39.269985
9.590000	39.468987
9.600000	39.610062
9.610000	39.743046
9.620000	39.834290
9.630000	39.884235
9.640000	39.917397
9.650000	39.900608
9.660000	39.900608
9.670000	39.966961
9.680000	40.025139
9.690000	40.149773
9.700000	40.233013
9.710000	40.324528
9.720000	40.407818
9.730000	40.466118
9.740000	40.516140
9.750000	40.566154
9.760000	40.591160
9.770000	40.649487
9.780000	40.766186
9.790000	40.882946
9.800000	41.049805
9.810000	41.191719
9.820000	41.350281
9.830000	41.458817
9.840000	41.542351
9.850000	41.592392
9.860000	41.617409
9.870000	41.675945
9.880000	41.751537
9.890000	41.843689
9.900000	41.910851
9.910000	41.978043
9.920000	42.028149
9.930000	42.053196
9.940000	42.061764
9.950000	42.061764
9.960000	41.710308
9.970000	39.340782
9.980000	34.564632
9.990000	28.089497
10.000000	20.485010
10.010000	12.217621
10.020000	3.559991
10.030000	-5.097593
10.040000	-13.224301
10.050000	-20.297260
10.060000	-25.661713
10.070000	-29.086216
10.080000	-30.180712
10.090000	-29.108240
10.100000	-26.327909
10.110000	-22.210152
10.120000	-16.978918
10.130000	-10.932163
10.140000	-4.414070
10.150000	2.161184
10.160000	8.354029
10.170000	13.867284
10.180000	18.253000
10.190000	21.235043
10.200000	22.689146
10.210000	22.580307
10.220000	21.217543
10.230000	18.929285
10.240000	15.931125
10.250000	12.373731
10.260000	8.481437
10.270000	4.583431
10.280000	0.906770
10.290000	-2.342395
10.300000	-4.885516
10.310000	-6.571728
10.320000	-7.324886
10.330000	-7.123693
0.010000	-0.563496
0.020000	-0.563496
0.030000	-0.569129
0.040000	-0.570083
0.050000	-0.566386
0.060000	-0.570221
0.070000	-0.568330
0.080000	-0.568330
0.090000	-0.571171
0.100000	-0.568330
0.110000	-0.573124
0.120000	-0.574163
0.130000	-0.580940
0.140000	-0.583883
0.150000	-0.592662
0.160000	-0.600477
0.170000	-0.605266
0.180000	-0.619005
0.190000	-0.629777
0.200000	-0.642442
0.210000	-0.656111
0.220000	-0.673684
0.230000	-0.691255
0.240000	-0.710774
0.250000	-0.735135
0.260000	-0.760499
0.270000	-0.785831
0.280000	-0.816877
0.290000	-0.852722
0.300000	-0.895378
0.310000	-0.939952
0.320000	-0.987361
0.330000	-1.040545
0.340000	-1.106308
0.350000	-1.172925
0.360000	-1.248215
0.370000	-1.332028
0.380000	-1.427264
0.390000	-1.533856
0.400000	-1.652757
0.410000	-1.783708
0.420000	-1.926558
0.430000	-2.080474
0.440000	-2.245949
0.450000	-2.423788
0.460000	-2.611845
0.470000	-2.813537
0.480000	-3.028439
0.490000	-3.258940
0.500000	-3.501535
0.510000	-3.756254
0.520000	-4.020870
0.530000	-4.294566
0.540000	-4.573234
0.550000	-4.851840
0.560000	-5.118558
0.570000	-5.366555
0.580000	-5.589235
0.590000	-5.779614
0.600000	-5.936832
0.610000	-6.059870
0.620000	-6.151667
0.630000	-6.209808
0.640000	-6.238078
0.650000	-6.236646
0.660000	-6.211246
0.670000	-6.166567
0.680000	-6.104594
0.690000	-6.026987
0.700000	-5.932264
0.710000	-5.822898
0.720000	-5.698396
0.730000	-5.560289
0.740000	-5.411808
0.750000	-5.260095
0.760000	-5.111111
0.770000	-4.972713
0.780000	-4.853166
0.790000	-4.760833
0.800000	-4.699680
0.810000	-4.675622
0.820000	-4.687350
0.830000	-4.726422
0.840000	-4.787453
0.850000	-4.865330
0.860000	-4.954212
0.870000	-5.048959
0.880000	-5.146174
0.890000	-5.238313
0.900000	-5.322242
0.910000	-5.393445
0.920000	-5.450058
0.930000	-5.489186
0.940000	-5.509989
0.950000	-5.512589
0.960000	-5.499073
0.970000	-5.477202
0.980000	-5.449538
0.990000	-5.419702
1.000000	-5.388732
1.010000	-5.361884
1.020000	-5.338674
1.030000	-5.322814
1.040000	-5.314876
1.050000	-5.313828
1.060000	-5.318592
1.070000	-5.323354
1.080000	-5.326528
1.090000	-5.328114
1.100000	-5.327066
0.010000	-0.445013
0.020000	-0.446238
0.030000	-0.447911
0.040000	-0.454062
0.050000	-0.453750
0.060000	-0.457974
0.070000	-0.458594
0.080000	-0.463842
0.090000	-0.466379
0.100000	-0.476533
0.110000	-0.485356
0.120000	-0.498045
0.130000	-0.512686
0.140000	-0.531285
0.150000	-0.550835
0.160000	-0.573287
0.170000	-0.599642
0.180000	-0.630903
0.190000	-0.666063
0.200000	-0.702157
0.210000	-0.743151
0.220000	-0.785047
0.230000	-0.837444
0.240000	-0.894620
0.250000	-0.952770
0.260000	-1.023418
0.270000	-1.103670
0.280000	-1.196326
0.290000	-1.295653
0.300000	-1.409320
0.310000	-1.541828
0.320000	-1.704773
0.330000	-1.874617
0.340000	-2.061896
0.350000	-2.266305
0.360000	-2.486176
0.370000	-2.724148
0.380000	-2.982232
0.390000	-3.260625
0.400000	-3.559737
0.410000	-3.900374
0.420000	-4.259177
0.430000	-4.629128
0.440000	-4.992033
0.450000	-5.328998
0.460000	-5.623241
0.470000	-5.864712
0.480000	-6.047370
0.490000	-6.174537
0.500000	-6.247852
0.510000	-6.269278
0.520000	-6.246421
0.530000	-6.190411
0.540000	-6.105317
0.550000	-5.992280
0.560000	-5.851108
0.570000	-5.685708
0.580000	-5.497525
0.590000	-5.297234
0.600000	-5.098557
0.610000	-4.918426
0.620000	-4.777178
0.630000	-4.687182
0.640000	-4.660355
0.650000	-4.691593
0.660000	-4.765071
0.670000	-4.869560
0.680000	-4.992825
0.690000	-5.123488
0.700000	-5.250507
0.710000	-5.361299
0.720000	-5.449527
0.730000	-5.512081
0.740000	-5.535951
0.750000	-5.528173
0.760000	-5.500120
0.770000	-5.460506
0.780000	-5.417072
0.790000	-5.375551
0.800000	-5.339692
0.810000	-5.315889
0.820000	-5.306895
0.830000	-5.310616
0.840000	-5.318559
0.850000	-5.324369
0.860000	-5.326496
0.870000	-5.325956
0.880000	-5.325956
0.890000	-5.326496
0.900000	-5.326496
0.910000	-5.326496
0.920000	-5.327035
0.930000	-5.327035
0.940000	-5.327035
0.950000	-5.327575
0.960000	-5.329161
0.970000	-5.329700
0.980000	-5.331286
0.990000	-5.332871
1.000000	-5.333410
1.010000	-5.334995
1.020000	-5.337117
1.030000	-5.340286
1.040000	-5.341870
1.050000	-5.343991
1.060000	-5.345574
1.070000	-5.347693
1.080000	-5.349812
1.090000	-5.352441
1.100000	-5.354558
1.110000	-5.356139
1.120000	-5.358255
1.130000	-5.358789
1.140000	-5.360904
1.150000	-5.363531
1.160000	-5.365644
1.170000	-5.367757
1.180000	-5.369868
1.190000	-5.371447
1.200000	-5.374604
1.210000	-5.376713
1.220000	-5.378822
1.230000	-5.380399
1.240000	-5.382506
1.250000	-5.384613
1.260000	-5.386719
1.270000	-5.388294
1.280000	-5.390399
1.290000	-5.392502
0.010000	-26.931860
0.020000	-26.542845
0.030000	-26.303885
0.040000	-26.149858
0.050000	-26.093588
0.060000	-26.079073
0.070000	-26.031693
0.080000	-26.008467
0.090000	-25.994234
0.100000	-26.047249
0.110000	-26.166288
0.120000	-26.346750
0.130000	-26.542124
0.140000	-26.752707
0.150000	-26.967476
0.160000	-27.164213
0.170000	-27.390903
0.180000	-27.620724
0.190000	-27.848341
0.200000	-28.068506
0.210000	-28.265574
0.220000	-28.450853
0.230000	-28.608988
0.240000	-28.745718
0.250000	-28.846397
0.260000	-28.906557
0.270000	-28.897985
0.280000	-28.882746
0.290000	-28.839191
0.300000	-28.810638
0.310000	-28.787315
0.320000	-28.724970
0.330000	-28.639294
0.340000	-28.582170
0.350000	-28.491543
0.360000	-28.405859
0.370000	-28.291601
0.380000	-28.195879
0.390000	-28.094856
0.400000	-27.989056
0.410000	-27.872965
0.420000	-27.757048
0.430000	-27.641302
0.440000	-27.497549
0.450000	-27.348776
0.460000	-27.205269
0.470000	-27.028694
0.480000	-26.824390
0.490000	-26.592218
0.500000	-26.275585
0.510000	-25.959806
0.520000	-25.555172
0.530000	-25.109549
0.540000	-24.604601
0.550000	-24.036386
0.560000	-23.386436
0.570000	-22.604097
0.580000	-21.721478
0.590000	-20.674582
0.600000	-19.467730
0.610000	-18.041756
0.620000	-16.425091
0.630000	-14.451894
0.640000	-12.453591
0.650000	-10.320922
0.660000	-8.051397
0.670000	-5.627271
0.680000	-3.078163
0.690000	-0.465104
0.700000	2.095240
0.710000	4.511148
0.720000	6.640569
0.730000	8.405674
0.740000	9.701543
0.750000	10.452510
0.760000	10.636169
0.770000	10.386556
0.780000	10.045035
0.790000	9.868948
0.800000	9.918829
0.810000	10.037107
0.820000	10.066766
0.830000	10.011611
0.840000	10.035052
0.850000	10.064705
0.860000	10.037107
0.870000	10.037148
0.880000	10.064705
0.890000	10.062604
0.900000	10.062604
0.910000	10.062604
0.920000	10.062644
0.930000	10.062604
0.940000	10.062604
0.950000	10.062604
0.960000	10.062604
0.970000	10.088100
0.980000	10.139091
0.990000	10.139091
1.000000	10.139091
1.010000	10.139132
1.020000	10.139091
1.030000	10.139091
1.040000	10.139132
1.050000	10.139091
1.060000	10.190083
1.070000	10.241071
1.080000	10.241071
1.090000	10.241071
1.100000	10.241071
1.110000	10.241071
1.120000	10.241071
1.130000	10.241071
1.140000	10.292059
1.150000	10.368537
1.160000	10.419521
1.170000	10.419521
1.180000	10.419521
1.190000	10.419521
1.200000	10.419521
1.210000	10.419521
1.220000	10.470504
1.230000	10.521485
1.240000	10.597955
1.250000	10.648933
1.260000	10.648933
1.270000	10.674421
1.280000	10.648933
1.290000	10.674421
1.300000	10.699909
1.310000	10.776372
1.320000	10.878317
1.330000	11.005739
1.340000	11.107671
1.350000	11.184116
1.360000	11.235078
1.370000	11.235078
1.380000	11.260558
1.390000	11.336996
1.400000	11.413432
1.410000	11.515340
1.420000	11.591767
1.430000	11.642716
1.440000	11.668191
1.450000	11.668191
1.460000	11.693665
1.470000	11.744612
1.480000	11.846500
1.490000	11.948382
1.500000	12.075727
1.510000	12.177595
1.520000	12.228526
1.530000	12.279456
1.540000	12.304921
1.550000	12.358428
1.560000	12.460300
1.570000	12.587631
1.580000	12.714952
1.590000	12.867722
1.600000	13.020477
1.610000	13.147762
1.620000	13.249582
1.630000	13.325943
1.640000	13.427751
1.650000	13.580449
1.660000	13.682239
1.670000	13.784022
1.680000	13.834910
1.690000	13.834910
1.700000	13.834910
1.710000	13.860354
1.720000	13.936683
1.730000	14.013007
1.740000	14.140205
1.750000	14.216518
1.760000	14.318263
1.770000	14.343699
1.780000	14.369133
1.790000	14.394567
1.800000	14.470866
1.810000	14.572592
1.820000	14.725166
1.830000	14.903148
1.840000	15.055684
1.850000	15.233622
1.860000	15.386120
1.870000	15.513187
1.880000	15.665652
1.890000	15.843440
1.900000	16.046669
1.910000	16.249863
1.920000	16.427629
1.930000	16.605370
1.940000	16.732311
1.950000	16.833855
1.960000	16.884623
1.970000	17.015085
1.980000	17.167393
1.990000	17.319679
2.000000	17.522696
2.010000	17.700306
2.020000	17.877888
2.030000	17.979351
2.040000	18.080803
2.050000	18.182247
2.060000	18.334394
2.070000	18.461168
2.080000	18.587925
2.090000	18.689322
2.100000	18.765362
2.110000	18.790707
2.120000	18.790707
2.130000	18.841396
2.140000	18.942768
2.150000	19.073370
2.160000	19.225420
2.170000	19.352110
2.180000	19.529451
2.190000	19.656105
2.200000	19.808067
2.210000	19.960007
2.220000	20.192001
2.230000	20.445173
2.240000	20.698280
2.250000	20.955601
2.260000	21.158024
2.270000	21.309811
2.280000	21.410990
2.290000	21.461575
2.300000	21.562735
2.310000	21.663885
2.320000	21.790306
2.330000	21.921282
2.340000	22.047600
2.350000	22.173994
2.360000	22.300369
2.370000	22.401457
2.380000	22.583040
2.390000	22.810347
2.400000	23.067755
2.410000	23.320232
2.420000	23.552290
2.430000	23.729036
2.440000	23.809734
2.450000	23.834879
2.460000	23.860126
2.470000	23.915602
2.480000	23.991247
2.490000	24.066992
2.500000	24.142729
2.510000	24.218458
2.520000	24.273996
2.530000	24.324486
2.540000	24.374973
2.550000	24.501175
2.560000	24.652483
2.570000	24.829098
2.580000	25.010881
2.590000	25.162119
2.600000	25.237782
2.610000	25.263002
2.620000	25.263002
2.630000	25.318594
2.640000	25.399546
2.650000	25.475101
2.660000	25.530857
2.670000	25.606533
2.680000	25.631638
2.690000	25.656860
2.700000	25.656860
2.710000	25.732523
2.720000	25.838770
2.730000	25.990084
2.740000	26.166454
2.750000	26.317701
2.760000	26.474424
2.770000	26.625641
2.780000	26.751629
2.790000	26.877598
2.800000	27.059414
2.810000	27.266447
2.820000	27.492973
2.830000	27.700144
2.840000	27.825888
2.850000	27.907204
2.860000	27.932379
2.870000	27.932379
2.880000	27.982727
2.890000	28.038761
2.900000	28.114286
2.910000	28.189804
2.920000	28.240143
2.930000	28.271185
2.940000	28.296219
2.950000	28.321390
2.960000	28.377626
2.970000	28.503347
2.980000	28.660158
2.990000	28.842165
3.000000	29.049509
3.010000	29.225647
3.020000	29.376583
3.030000	29.477190
3.040000	29.602774
3.050000	29.709509
3.060000	29.835073
3.070000	29.941841
3.080000	30.042248
3.090000	30.123907
3.100000	30.174185
3.110000	30.224302
3.120000	30.255713
3.130000	30.330971
3.140000	30.462799
3.150000	30.619955
3.160000	30.745626
3.170000	30.896400
3.180000	31.022017
3.190000	31.147440
3.200000	31.254372
3.210000	31.379942
3.220000	31.536959
3.230000	31.719105
3.240000	31.894836
3.250000	32.026787
3.260000	32.152279
3.270000	32.227562
3.280000	32.277744
3.290000	32.334438
3.300000	32.441521
3.310000	32.566795
3.320000	32.724087
3.330000	32.899487
3.340000	33.049946
3.350000	33.207241
3.360000	33.332588
3.370000	33.482780
3.380000	33.665138
3.390000	33.922291
3.400000	34.229908
3.410000	34.512253
3.420000	34.787579
3.430000	35.012745
3.440000	35.169868
3.450000	35.244896
3.460000	35.319916
3.470000	35.427040
3.480000	35.509178
3.490000	35.616341
3.500000	35.698730
3.510000	35.773750
3.520000	35.823757
3.530000	35.873760
3.540000	35.956184
3.550000	36.088631
3.560000	36.303589
3.570000	36.510883
3.580000	36.718403
3.590000	36.918308
3.600000	37.075836
3.610000	37.175751
3.620000	37.233383
3.630000	37.291027
3.640000	37.373672
3.650000	37.439068
3.660000	37.504272
3.670000	37.554268
3.680000	37.579262
3.690000	37.604259
3.700000	37.612003
3.710000	37.694756
3.720000	37.835320
3.730000	38.025738
3.740000	38.224327
3.750000	38.407284
3.760000	38.607319
3.770000	38.782284
3.780000	38.940205
3.790000	39.123127
3.800000	39.346958
3.810000	39.579311
3.820000	39.728729
3.830000	39.836918
3.840000	39.895107
3.850000	39.920120
3.860000	39.920120
3.870000	39.953316
3.880000	40.036549
3.890000	40.153042
3.900000	40.269592
3.910000	40.369682
3.920000	40.453011
3.930000	40.503048
3.940000	40.553082
3.950000	40.611420
3.960000	40.711437
3.970000	40.886654
3.980000	41.087044
3.990000	41.262535
4.000000	41.421261
4.010000	41.546474
4.020000	41.596554
4.030000	41.630081
4.040000	41.688663
4.050000	41.772305
4.060000	41.864494
4.070000	41.939640
4.080000	41.989731
4.090000	42.023335
4.100000	42.023335
4.110000	42.023335
4.120000	39.699688
4.130000	33.957760
4.140000	25.936211
4.150000	16.477318
4.160000	6.148569
4.170000	-4.289572
4.180000	-14.049650
4.190000	-22.136097
4.200000	-27.676708
4.210000	-30.100506
4.220000	-29.294266
4.230000	-25.994251
4.240000	-20.752522
4.250000	-14.071628
4.260000	-6.444345
4.270000	1.483334
4.280000	8.957179
4.290000	15.311916
4.300000	19.926876
4.310000	22.402040
4.320000	22.650400
4.330000	21.009773
4.340000	18.069561
4.350000	14.172876
4.360000	9.608368
4.370000	4.907678
4.380000	0.503455
4.390000	-3.246996
4.400000	-5.913827
4.410000	-7.271629
4.420000	-7.221352
4.430000	-6.165318
4.440000	-4.605781
4.450000	-2.743657
4.460000	-0.780352
4.470000	1.107591
4.480000	2.718489
4.490000	3.926435
4.500000	4.580622
4.510000	4.656099
4.520000	4.380272
4.530000	4.102571
4.540000	4.077410
4.550000	4.204109
4.560000	4.228379
4.570000	4.178057
4.580000	4.203218
4.590000	4.203218
4.600000	4.178057
4.610000	4.203218
4.620000	4.203218
4.630000	4.203218
4.640000	4.203218
4.650000	4.203218
4.660000	4.203218
4.670000	4.203218
4.680000	4.203218
4.690000	4.203218
4.700000	4.228379
4.710000	4.253541
4.720000	4.278701
4.730000	4.253541
4.740000	4.253541
4.750000	4.253541
4.760000	4.253541
4.770000	4.253541
4.780000	4.278701
4.790000	4.303862
4.800000	4.354184
4.810000	4.354184
4.820000	4.354184
4.830000	4.354184
4.840000	4.354184
4.850000	4.354184
4.860000	4.354184
4.870000	4.379344
4.880000	4.454824
4.890000	4.480934
4.900000	4.505144
4.910000	4.506099
4.920000	4.505144
4.930000	4.506099
4.940000	4.506099
4.950000	4.530303
4.960000	4.581593
4.970000	4.631896
4.980000	4.682250
4.990000	4.707387
5.000000	4.707387
5.010000	4.707414
5.020000	4.707387
5.030000	4.732551
5.040000	4.782904
5.050000	4.883529
5.060000	5.009367
5.070000	5.110013
5.080000	5.210628
5.090000	5.286138
5.100000	5.311297
5.110000	5.336427
5.120000	5.386776
5.130000	5.462254
5.140000	5.588014
5.150000	5.738989
5.160000	5.889893
5.170000	6.040822
5.180000	6.166626
5.190000	6.292390
5.200000	6.443265
5.210000	6.619317
5.220000	6.845654
5.230000	7.046827
5.240000	7.273130
5.250000	7.423987
5.260000	7.549695
5.270000	7.625117
5.280000	7.675397
5.290000	7.725676
5.300000	7.826231
5.310000	7.951919
5.320000	8.052464
5.330000	8.178141
5.340000	8.278677
5.350000	8.379209
5.360000	8.504867
5.370000	8.655648
5.380000	8.881801
5.390000	9.158177
5.400000	9.459638
5.410000	9.735937
5.420000	9.936858
5.430000	10.112647
5.440000	10.187981
5.450000	10.238201
5.460000	10.313529
5.470000	10.388854
5.480000	10.464176
5.490000	10.539495
5.500000	10.617061
5.510000	10.667280
5.520000	10.717499
5.530000	10.742607
5.540000	10.843038
5.550000	10.993673
5.560000	11.169398
5.570000	11.345105
5.580000	11.495696
5.590000	11.596083
5.600000	11.646275
5.610000	11.646275
5.620000	11.671370
5.630000	11.721558
5.640000	11.796839
5.650000	11.847023
5.660000	11.897207
5.670000	11.947389
5.680000	11.947389
5.690000	11.972479
5.700000	11.997501
5.710000	12.122945
5.720000	12.248378
5.730000	12.423967
5.740000	12.602208
5.750000	12.752712
5.760000	12.928282
5.770000	13.028598
5.780000	13.128907
5.790000	13.229210
5.800000	13.354578
5.810000	13.479936
5.820000	13.555145
5.830000	13.605283
5.840000	13.630350
5.850000	13.630350
5.860000	13.630350
5.870000	13.680485
5.880000	13.780748
5.890000	13.881005
5.900000	13.956193
5.910000	14.056356
5.920000	14.106556
5.930000	14.131535
5.940000	14.156673
5.950000	14.184655
5.960000	14.284904
5.970000	14.410203
5.980000	14.560547
5.990000	14.735926
6.000000	14.911282
6.010000	15.061567
6.020000	15.186792
6.030000	15.312005
6.040000	15.462243
6.050000	15.665851
6.060000	15.866058
6.070000	16.041292
6.080000	16.216499
6.090000	16.366657
6.100000	16.466751
6.110000	16.541817
6.120000	16.616877
6.130000	16.745512
6.140000	16.895634
6.150000	17.045734
6.160000	17.245739
6.170000	17.420799
6.180000	17.574551
6.190000	17.699585
6.200000	17.799603
6.210000	17.924507
6.220000	18.099495
6.230000	18.228327
6.240000	18.353312
6.250000	18.453287
6.260000	18.503273
6.270000	18.503164
6.280000	18.528154
6.290000	18.607063
6.300000	18.706926
6.310000	18.860857
6.320000	18.985817
6.330000	19.135750
6.340000	19.260675
6.350000	19.385586
6.360000	19.485502
6.370000	19.660213
6.380000	19.889154
6.390000	20.138849
6.400000	20.392670
6.410000	20.617325
6.420000	20.816973
6.430000	20.970987
6.440000	21.070799
6.450000	21.145651
6.460000	21.224854
6.470000	21.329035
6.480000	21.453802
6.490000	21.583111
6.500000	21.682783
6.510000	21.782578
6.520000	21.882362
6.530000	22.007074
6.540000	22.156708
6.550000	22.406036
6.560000	22.660080
6.570000	22.934235
6.580000	23.183243
6.590000	23.362537
6.600000	23.487085
6.610000	23.536898
6.620000	23.586708
6.630000	23.666267
6.640000	23.740986
6.650000	23.820576
6.660000	23.870390
6.670000	23.925251
6.680000	23.950159
6.690000	24.004890
6.700000	24.059790
6.710000	24.164547
6.720000	24.324146
6.730000	24.498592
6.740000	24.653444
6.750000	24.777870
6.760000	24.877522
6.770000	24.902592
6.780000	24.932598
6.790000	24.987694
6.800000	25.067728
6.810000	25.147785
6.820000	25.197634
6.830000	25.252794
6.840000	25.277721
6.850000	25.302647
6.860000	25.327570
6.870000	25.407688
6.880000	25.512758
6.890000	25.662313
6.900000	25.817274
6.910000	25.997189
6.920000	26.152214
6.930000	26.307270
6.940000	26.412510
6.950000	26.542706
6.960000	26.728401
6.970000	26.933474
6.980000	27.163502
6.990000	27.374376
7.000000	27.529715
7.010000	27.610292
7.020000	27.635223
7.030000	27.641024
7.040000	27.696705
7.050000	27.746582
7.060000	27.827229
7.070000	27.882954
7.080000	27.938698
7.090000	27.988588
7.100000	28.019407
7.110000	28.025282
7.120000	28.106030
7.130000	28.217672
7.140000	28.373381
7.150000	28.585026
7.160000	28.790752
7.170000	28.971540
7.180000	29.121300
7.190000	29.246073
7.200000	29.333197
7.210000	29.470306
7.220000	29.582525
7.230000	29.719790
7.240000	29.825922
7.250000	29.900854
7.260000	29.950804
7.270000	29.975779
7.280000	30.031994
7.290000	30.113205
7.300000	30.250710
7.310000	30.388296
7.320000	30.550955
7.330000	30.700901
7.340000	30.825829
7.350000	30.932201
7.360000	31.032131
7.370000	31.194992
7.380000	31.351412
7.390000	31.539408
7.400000	31.720894
7.410000	31.877419
7.420000	32.002323
7.430000	32.083931
7.440000	32.133892
7.450000	32.190544
7.460000	32.303692
7.470000	32.435360
7.480000	32.592041
7.490000	32.773731
7.500000	32.930458
7.510000	33.055359
7.520000	33.212105
7.530000	33.336971
7.540000	33.525661
7.550000	33.789368
7.560000	34.078144
7.570000	34.377716
7.580000	34.659370
7.590000	34.883877
7.600000	35.033497
7.610000	35.133221
7.620000	35.247543
7.630000	35.361927
7.640000	35.476379
7.650000	35.590893
7.660000	35.665741
7.670000	35.740582
7.680000	35.815411
7.690000	35.865288
7.700000	35.947544
7.710000	36.087166
7.720000	36.276760
7.730000	36.483841
7.740000	36.683342
7.750000	36.865467
7.760000	36.990101
7.770000	37.064865
7.780000	37.122379
7.790000	37.179905
7.800000	37.270077
7.810000	37.327648
7.820000	37.417900
7.830000	37.467781
7.840000	37.492718
7.850000	37.492718
7.860000	37.525402
7.870000	37.607983
7.880000	37.731094
7.890000	37.921375
7.900000	38.111740
7.910000	38.319248
7.920000	38.493885
7.930000	38.668457
7.940000	38.842964
7.950000	39.025452
7.960000	39.224098
7.970000	39.414787
7.980000	39.613701
7.990000	39.729767
8.000000	39.812767
8.010000	39.837708
8.020000	39.820950
8.030000	39.854084
8.040000	39.936882
8.050000	40.028168
8.060000	40.152706
8.070000	40.269085
8.080000	40.352276
8.090000	40.435482
8.100000	40.485432
8.110000	40.510403
8.120000	40.593632
8.130000	40.735172
8.140000	40.901760
8.150000	41.093403
8.160000	41.260143
8.170000	41.401970
8.180000	41.510391
8.190000	41.535374
8.200000	41.568855
8.210000	41.669353
8.220000	41.769928
8.230000	41.862038
8.240000	41.929173
8.250000	41.987782
8.260000	41.988045
8.270000	41.996346
8.280000	40.794590
8.290000	36.181854
8.300000	28.816433
8.310000	19.700859
8.320000	9.635479
8.330000	-0.790506
8.340000	-10.868017
8.350000	-19.603540
8.360000	-26.067152
8.370000	-29.600054
8.380000	-29.841255
8.390000	-27.302948
8.400000	-22.685778
8.410000	-16.450073
8.420000	-9.064514
8.430000	-1.180154
8.440000	6.488097
8.450000	13.251247
8.460000	18.501026
8.470000	21.726252
8.480000	22.715128
8.490000	21.651808
8.500000	19.137894
8.510000	15.542875
8.520000	11.187383
8.530000	6.490814
8.540000	1.962986
8.550000	-2.013315
8.560000	-5.057518
8.570000	-6.867889
8.580000	-7.295179
8.590000	-6.490814
8.600000	-5.082668
8.610000	-3.321770
8.620000	-1.409346
8.630000	0.503345
8.640000	2.189466
8.650000	3.523048
8.660000	4.328081
8.670000	4.579625
8.680000	4.378391
8.690000	4.076522
8.700000	3.975895
8.710000	4.076522
8.720000	4.151991
8.730000	4.101679
8.740000	4.101679
8.750000	4.126835
8.760000	4.101679
8.770000	4.101679
8.780000	4.126835
8.790000	4.126835
8.800000	4.126835
8.810000	4.126835
8.820000	4.126835
8.830000	4.126835
8.840000	4.126835
8.850000	4.126835
8.860000	4.126835
8.870000	4.177147
8.880000	4.177147
8.890000	4.177147
8.900000	4.177147
8.910000	4.177147
8.920000	4.177147
8.930000	4.177147
8.940000	4.177147
8.950000	4.202303
8.960000	4.252614
8.970000	4.277770
8.980000	4.277770
8.990000	4.277770
9.000000	4.277770
9.010000	4.277770
9.020000	4.277770
9.030000	4.302926
9.040000	4.353236
9.050000	4.403545
9.060000	4.403545
9.070000	4.403545
9.080000	4.403545
9.090000	4.403545
9.100000	4.403545
9.110000	4.403545
9.120000	4.453855
9.130000	4.529317
9.140000	4.579625
9.150000	4.629932
9.160000	4.629932
9.170000	4.629932
9.180000	4.629932
9.190000	4.629932
9.200000	4.680239
9.210000	4.755697
9.220000	4.881458
9.230000	5.007215
9.240000	5.107819
9.250000	5.208418
9.260000	5.283867
9.270000	5.309016
9.280000	5.359313
9.290000	5.434759
9.300000	5.535318
9.310000	5.661053
9.320000	5.811927
9.330000	5.962795
9.340000	6.113657
9.350000	6.239368
9.360000	6.365075
9.370000	6.515917
9.380000	6.717027
9.390000	6.918122
9.400000	7.144338
9.410000	7.345403
9.420000	7.496191
9.430000	7.596712
9.440000	7.646971
9.450000	7.698861
9.460000	7.774262
9.470000	7.874793
9.480000	8.000451
9.490000	8.126102
9.500000	8.226619
9.510000	8.352258
9.520000	8.452765
9.530000	8.578391
9.540000	8.754257
9.550000	9.005470
9.560000	9.306887
9.570000	9.608259
9.580000	9.834259
9.590000	10.035127
9.600000	10.160658
9.610000	10.210868
9.620000	10.261077
9.630000	10.336388
9.640000	10.411695
9.650000	10.487000
9.660000	10.562302
9.670000	10.637600
9.680000	10.687797
9.690000	10.712895
9.700000	10.788187
9.710000	10.888572
9.720000	11.066577
9.730000	11.242256
9.740000	11.417917
9.750000	11.543378
9.760000	11.618584
9.770000	11.643674
9.780000	11.643674
9.790000	11.693851
9.800000	11.769116
9.810000	11.819291
9.820000	11.894550
9.830000	11.919636
9.840000	11.944721
9.850000	11.969806
9.860000	11.969806
9.870000	12.045057
9.880000	12.170469
9.890000	12.320951
9.900000	12.496494
9.910000	12.672017
9.920000	12.847520
9.930000	12.972867
9.940000	13.073136
9.950000	13.173399
9.960000	13.273655
9.970000	13.398966
9.980000	13.499206
9.990000	13.574382
10.000000	13.624496
10.010000	13.624496
10.020000	13.624496
10.030000	13.649553
10.040000	13.699665
10.050000	13.799884
10.060000	13.900096
10.070000	14.003268
10.080000	14.078433
10.090000	14.128540
10.100000	14.153593
10.110000	14.153593
10.120000	14.228749
10.130000	14.328951
10.140000	14.479239
10.150000	14.629511
10.160000	14.804806
10.170000	14.954954
10.180000	15.105169
10.190000	15.230335
10.200000	15.383778
10.210000	15.533975
10.220000	15.734208
10.230000	15.934409
10.240000	16.109558
10.250000	16.284586
10.260000	16.409657
10.270000	16.509703
10.280000	16.563232
10.290000	16.663288
10.300000	16.788246
10.310000	16.966896
10.320000	17.116953
10.330000	17.316898
10.340000	17.470606
10.350000	17.620628
10.360000	17.720631
10.370000	17.845619
10.380000	17.999292
10.390000	18.124275
10.400000	18.274237
10.410000	18.374199
10.420000	18.449163
10.430000	18.474152
10.440000	18.499138
10.450000	18.524124
10.460000	18.624062
10.470000	18.727953
10.480000	18.852877
